-9.5	-9.5	0.000985513	0.000975556
-9	-9.5	0.00105681	0.00200714
-8.5	-9.5	0.0011586	0.00312723
-8	-9.5	0.0012878	0.00436597
-7.5	-9.5	0.00143967	0.00574967
-7	-9.5	0.00160766	0.007299
-6.5	-9.5	0.00178331	0.00902708
-6	-9.5	0.00195625	0.0109374
-5.5	-9.5	0.00211442	0.0130221
-5	-9.5	0.00224457	0.0152598
-4.5	-9.5	0.00233299	0.0176154
-4	-9.5	0.00236656	0.020039
-3.5	-9.5	0.00233394	0.0224679
-3	-9.5	0.00222686	0.0248286
-2.5	-9.5	0.00204126	0.0270406
-2	-9.5	0.00177814	0.0290216
-1.5	-9.5	0.00144382	0.0306929
-1	-9.5	0.00104983	0.0319853
-0.5	-9.5	0.000612097	0.032844
0	-9.5	0.000149765	0.0332331
0.5	-9.5	-0.000316257	0.0331377
1	-9.5	-0.000764947	0.0325655
1.5	-9.5	-0.0011768	0.0315455
2	-9.5	-0.00153534	0.0301259
2.5	-9.5	-0.00182831	0.0283701
3	-9.5	-0.00204847	0.0263516
3.5	-9.5	-0.00219386	0.0241486
4	-9.5	-0.00226752	0.0218384
4.5	-9.5	-0.00227669	0.0194921
5	-9.5	-0.0022318	0.0171715
5.5	-9.5	-0.00214519	0.0149256
6	-9.5	-0.00202997	0.0127902
6.5	-9.5	-0.00189902	0.0107871
7	-9.5	-0.00176426	0.0089254
7.5	-9.5	-0.00163616	0.00720251
8	-9.5	-0.00152351	0.00560618
8.5	-9.5	-0.00143332	0.00411618
9	-9.5	-0.00137092	0.00270617
9.5	-9.5	-0.00134	0.00134533
-9.5	-9	0.00200714	0.00101589
-9	-9	0.00215167	0.00208943
-8.5	-9	0.00235883	0.00325547
-8	-9	0.00262244	0.00454659
-7.5	-9	0.00293303	0.00599157
-7	-9	0.00327741	0.0076136
-6.5	-9	0.00363844	0.00942814
-6	-9	0.003995	0.0114408
-5.5	-9	0.00432241	0.0136448
-5	-9	0.00459329	0.0160194
-4.5	-9	0.00477916	0.0185281
-4	-9	0.00485257	0.0211182
-3.5	-9	0.0047896	0.023722
-3	-9	0.00457268	0.0262591
-2.5	-9	0.00419299	0.0286408
-2	-9	0.00365231	0.0307757
-1.5	-9	0.0029637	0.0325761
-1	-9	0.00215113	0.0339647
-0.5	-9	0.0012478	0.0348807
0	-9	0.000293684	0.0352841
0.5	-9	-0.000667608	0.0351591
1	-9	-0.00159225	0.034515
1.5	-9	-0.00243961	0.033385
2	-9	-0.0031754	0.031824
2.5	-9	-0.00377427	0.0299038
3	-9	-0.00422143	0.0277071
3.5	-9	-0.00451323	0.0253214
4	-9	-0.0046565	0.0228322
4.5	-9	-0.00466689	0.0203177
5	-9	-0.0045665	0.0178443
5.5	-9	-0.00438127	0.0154639
6	-9	-0.0041385	0.0132132
6.5	-9	-0.00386482	0.0111136
7	-9	-0.00358463	0.00917248
7.5	-9	-0.00331922	0.00738528
8	-9	-0.00308633	0.00573719
8.5	-9	-0.00290001	0.00420544
9	-9	-0.00277085	0.0027612
9.5	-9	-0.00270617	0.00137134
-9.5	-8.5	0.00307495	0.00106306
-9	-8.5	0.00329639	0.00218632
-8.5	-8.5	0.00361576	0.00340844
-8	-8.5	0.0040239	0.00476597
-7.5	-8.5	0.00450667	0.00629191
-7	-8.5	0.00504423	0.0080138
-6.5	-8.5	0.00561049	0.00995142
-6	-8.5	0.00617293	0.0121142
-5.5	-8.5	0.00669309	0.0144984
-5	-8.5	0.00712785	0.0170843
-4.5	-8.5	0.00743176	0.0198342
-4	-8.5	0.00756046	0.022691
-3.5	-8.5	0.00747485	0.0255789
-3	-8.5	0.0071457	0.028406
-2.5	-8.5	0.00655786	0.0310694
-2	-8.5	0.00571338	0.0334615
-1.5	-8.5	0.00463281	0.035479
-1	-8.5	0.00335441	0.0370305
-0.5	-8.5	0.00193148	0.0380441
0	-8.5	0.000428223	0.0384734
0.5	-8.5	-0.0010854	0.0383004
1	-8.5	-0.00253908	0.0375371
1.5	-8.5	-0.00386772	0.0362242
2	-8.5	-0.00501652	0.0344281
2.5	-8.5	-0.00594522	0.032235
3	-8.5	-0.00663087	0.029744
3.5	-8.5	-0.00706875	0.0270587
4	-8.5	-0.0072712	0.024279
4.5	-8.5	-0.00726466	0.0214947
5	-8.5	-0.00708564	0.01878
5.5	-8.5	-0.00677628	0.0161912
6	-8.5	-0.0063803	0.013766
6.5	-8.5	-0.00593972	0.0115242
7	-8.5	-0.00549253	0.00947032
7.5	-8.5	-0.00507145	0.00759555
8	-8.5	-0.00470335	0.00588068
8.5	-8.5	-0.00440931	0.00429854
9	-8.5	-0.00420502	0.00281613
9.5	-8.5	-0.0041012	0.00139643
-9.5	-8	0.00419347	0.00111051
-9	-8	0.00449705	0.00228452
-8.5	-8	0.00493848	0.00356575
-8	-8	0.00550592	0.00499628
-7.5	-8	0.00618085	0.00661507
-7	-8	0.00693691	0.00845607
-6.5	-8	0.00773884	0.0105457
-6	-8	0.00854198	0.0128998
-5.5	-8	0.00929252	0.0155197
-5	-8	0.00992908	0.0183887
-4.5	-8	0.0103858	0.0214684
-4	-8	0.0105973	0.0246963
-3.5	-8	0.0105047	0.0279856
-3	-8	0.0100632	0.0312276
-2.5	-8	0.00924849	0.0342977
-2	-8	0.00806193	0.0370641
-1.5	-8	0.00653263	0.0393991
-1	-8	0.00471626	0.0411898
-0.5	-8	0.00269076	0.042348
0	-8	0.000549954	0.0428169
0.5	-8	-0.00160398	0.0425754
1	-8	-0.00366848	0.0416396
1.5	-8	-0.00554861	0.0400613
2	-8	-0.00716459	0.0379241
2.5	-8	-0.00845833	0.0353363
3	-8	-0.00939775	0.0324219
3.5	-8	-0.0099782	0.029309
4	-8	-0.0102205	0.0261193
4.5	-8	-0.0101659	0.0229593
5	-8	-0.00986999	0.0199143
5.5	-8	-0.00939533	0.0170458
6	-8	-0.00880552	0.0143917
6.5	-8	-0.00816046	0.0119688
7	-8	-0.00751329	0.00977607
7.5	-8	-0.00690886	0.0077982
8	-8	-0.00638333	0.00600919
8.5	-8	-0.00596457	0.00437537
9	-8	-0.00567296	0.00285779
9.5	-8	-0.00552229	0.00141411
-9.5	-7.5	0.00535946	0.00114956
-9	-7.5	0.00575164	0.00236635
-8.5	-7.5	0.00632752	0.00370026
-8	-7.5	0.00707321	0.00520018
-7.5	-7.5	0.00796646	0.00691287
-7	-7.5	0.0089749	0.00888106
-6.5	-7.5	0.0100542	0.0111407
-6	-7.5	0.0111469	0.0137171
-5.5	-7.5	0.012182	0.0166205
-5	-7.5	0.0130765	0.0198401
-4.5	-7.5	0.0137394	0.0233389
-4	-7.5	0.0140777	0.027049
-3.5	-7.5	0.0140062	0.0308696
-3	-7.5	0.0134578	0.034669
-2.5	-7.5	0.0123943	0.0382918
-2	-7.5	0.0108148	0.041571
-1.5	-7.5	0.00875852	0.0443435
-1	-7.5	0.0063033	0.0464651
-0.5	-7.5	0.00355852	0.0478242
0	-7.5	0.000655627	0.0483498
0.5	-7.5	-0.00226266	0.0480165
1	-7.5	-0.00505318	0.0468458
1.5	-7.5	-0.00758327	0.0449047
2	-7.5	-0.0097415	0.0423013
2.5	-7.5	-0.0114474	0.0391757
3	-7.5	-0.0126582	0.035688
3.5	-7.5	-0.0133714	0.0320019
4	-7.5	-0.0136208	0.0282701
4.5	-7.5	-0.0134696	0.0246222
5	-7.5	-0.0129992	0.021157
5.5	-7.5	-0.0122989	0.0179415
6	-7.5	-0.0114573	0.0150119
6.5	-7.5	-0.0105553	0.0123787
7	-7.5	-0.00966313	0.0100319
7.5	-7.5	-0.00883833	0.00794633
8	-7.5	-0.00812618	0.00608637
8.5	-7.5	-0.00756071	0.0044095
9	-7.5	-0.00716628	0.00286904
9.5	-7.5	-0.00695899	0.00141595
-9.5	-7	0.00655982	0.0011697
-9	-7	0.00704774	0.00241035
-8.5	-7	0.00777231	0.00377867
-8	-7	0.00871854	0.00533151
-7.5	-7	0.00986173	0.00712512
-7	-7	0.0111647	0.00921356
-6.5	-7	0.0125749	0.0116458
-6	-7	0.0140218	0.0144615
-5.5	-7	0.0154155	0.0176844
-5	-7	0.0166475	0.0213151
-4.5	-7	0.0175947	0.0253222
-4	-7	0.0181279	0.029634
-3.5	-7	0.0181246	0.0341338
-3	-7	0.0174854	0.0386594
-2.5	-7	0.0161506	0.0430125
-2	-7	0.0141136	0.0469756
-1.5	-7	0.0114267	0.0503342
-1	-7	0.00819699	0.0529004
-0.5	-7	0.00457545	0.0545306
0	-7	0.000742262	0.0551349
0.5	-7	-0.00310799	0.0546822
1	-7	-0.00678027	0.053201
1.5	-7	-0.0100931	0.0507783
2	-7	-0.0128936	0.0475553
2.5	-7	-0.0150716	0.0437169
3	-7	-0.0165716	0.0394749
3.5	-7	-0.017396	0.035044
4	-7	-0.0176002	0.0306203
4.5	-7	-0.017279	0.0263633
5	-7	-0.0165507	0.0223883
5.5	-7	-0.0155405	0.0187654
6	-7	-0.0143683	0.0155251
6.5	-7	-0.0131404	0.0126664
7	-7	-0.0119456	0.0101652
7.5	-7	-0.0108544	0.00798197
8	-7	-0.00992016	0.00606788
8.5	-7	-0.00918191	0.00436904
9	-7	-0.00866652	0.00282933
9.5	-7	-0.00839133	0.00139191
-9.5	-6.5	0.00776981	0.00115904
-9	-6.5	0.0083606	0.00239211
-8.5	-6.5	0.00924868	0.00376285
-8	-6.5	0.0104197	0.00533665
-7.5	-6.5	0.0118485	0.00718076
-7	-6.5	0.0134956	0.00936326
-6.5	-6.5	0.0153021	0.0119504
-6	-6.5	0.0171854	0.0150017
-5.5	-6.5	0.0190356	0.0185624
-5	-6.5	0.0207143	0.0226528
-4.5	-6.5	0.0220583	0.0272549
-4	-6.5	0.0228893	0.0322985
-3.5	-6.5	0.0230315	0.03765
-3	-6.5	0.0223365	0.0431087
-2.5	-6.5	0.0207105	0.0484163
-2	-6.5	0.0181364	0.0532816
-1.5	-6.5	0.0146834	0.0574165
-1	-6.5	0.0104997	0.0605718
-0.5	-6.5	0.00579294	0.0625613
0	-6.5	0.000807249	0.0632725
0.5	-6.5	-0.00419649	0.0626675
1	-6.5	-0.00895704	0.0607829
1.5	-6.5	-0.013229	0.05773
2	-6.5	-0.0168029	0.0536933
2.5	-6.5	-0.0195278	0.0489202
3	-6.5	-0.0213312	0.0436968
3.5	-6.5	-0.0222259	0.0383121
4	-6.5	-0.0223015	0.0330219
4.5	-6.5	-0.0217016	0.0280249
5	-6.5	-0.0205972	0.0234526
5.5	-6.5	-0.0191621	0.0193737
6	-6.5	-0.0175562	0.015805
6.5	-6.5	-0.0159152	0.0127255
7	-6.5	-0.0143476	0.0100895
7.5	-6.5	-0.0129356	0.00783739
8	-6.5	-0.0117391	0.00590285
8.5	-6.5	-0.0107993	0.004218
9	-6.5	-0.0101434	0.00271575
9.5	-6.5	-0.00978832	0.00133089
-9.5	-6	0.00895193	0.00110508
-9	-6	0.00965155	0.00228578
-8.5	-6	0.0107168	0.00361181
-8	-6	0.0121365	0.00515696
-7.5	-6	0.0138883	0.00700034
-7	-6	0.0159343	0.00922653
-6.5	-6	0.0182134	0.0119237
-6	-6	0.0206339	0.0151789
-5.5	-6	0.0230666	0.0190691
-5	-6	0.0253399	0.0236473
-4.5	-6	0.0272404	0.0289229
-4	-6	0.028523	0.0348386
-3.5	-6	0.0289349	0.0412475
-3	-6	0.0282517	0.0479008
-2.5	-6	0.0263234	0.0544557
-2	-6	0.0231138	0.0605119
-1.5	-6	0.0187169	0.065672
-1	-6	0.0133418	0.0696012
-0.5	-6	0.00727618	0.072061
0	-6	0.000848469	0.0729147
0.5	-6	-0.00559755	0.0721182
1	-6	-0.0117178	0.0697157
1.5	-6	-0.0171828	0.0658444
2	-6	-0.0217034	0.0607421
2.5	-6	-0.025068	0.0547431
3	-6	-0.0271797	0.0482435
3.5	-6	-0.028071	0.0416415
4	-6	-0.0278874	0.035278
4.5	-6	-0.0268483	0.0293995
5	-6	-0.0252018	0.0241508
5.5	-6	-0.0231881	0.0195876
6	-6	-0.0210165	0.015699
6.5	-6	-0.0188559	0.0124312
7	-6	-0.0168338	0.00970648
7.5	-6	-0.0150411	0.00743765
8	-6	-0.0135395	0.00553641
8.5	-6	-0.012369	0.00391832
9	-6	-0.0115536	0.00250448
9.5	-6	-0.0111071	0.00122146
-9.5	-5.5	0.0100556	0.000995747
-9	-5.5	0.0108673	0.00206607
-8.5	-5.5	0.0121199	0.00328473
-8	-5.5	0.0138082	0.00473248
-7.5	-5.5	0.0159181	0.00650009
-7	-5.5	0.018419	0.0086903
-6.5	-5.5	0.0212545	0.0114178
-6	-5.5	0.0243308	0.0148059
-5.5	-5.5	0.027504	0.0189772
-5	-5.5	0.0305682	0.0240368
-4.5	-5.5	0.0332497	0.030045
-4	-5.5	0.0352139	0.0369794
-3.5	-5.5	0.0360937	0.0446932
-3	-5.5	0.0355447	0.0528816
-2.5	-5.5	0.0333216	0.0610809
-2	-5.5	0.0293528	0.0687223
-1.5	-5.5	0.0237727	0.0752392
-1	-5.5	0.0168887	0.0801777
-0.5	-5.5	0.00910644	0.0832427
0	-5.5	0.000864402	0.0842813
0.5	-5.5	-0.00739543	0.0832485
1	-5.5	-0.0152308	0.0801911
1.5	-5.5	-0.0222026	0.0752637
2	-5.5	-0.0279042	0.0687625
2.5	-5.5	-0.0320265	0.0611418
3	-5.5	-0.0344327	0.0529675
3.5	-5.5	-0.0351914	0.044807
4	-5.5	-0.0345435	0.0371217
4.5	-5.5	-0.0328288	0.0302144
5	-5.5	-0.0304091	0.0242296
5.5	-5.5	-0.027614	0.0191879
6	-5.5	-0.0247126	0.0150276
6.5	-5.5	-0.0219077	0.0116426
7	-5.5	-0.0193411	0.00890944
7.5	-5.5	-0.0171057	0.00670463
8	-5.5	-0.0152584	0.00491333
8.5	-5.5	-0.0138312	0.00343288
9	-5.5	-0.0128403	0.00217284
9.5	-5.5	-0.0122928	0.00105291
-9.5	-5	0.011018	0.000820793
-9	-5	0.0119405	0.00171111
-8.5	-5	0.0133833	0.00274515
-8	-5	0.0153518	0.00400751
-7.5	-5	0.0178462	0.00559851
-7	-5	0.0208521	0.00763893
-6.5	-5	0.0243289	0.0102734
-6	-5	0.0281932	0.0136701
-5.5	-5	0.0322975	0.0180146
-5	-5	0.0364077	0.0234913
-4.5	-5	0.040183	0.0302487
-4	-5	0.0431713	0.0383421
-3.5	-5	0.0448371	0.0476579
-3	-5	0.0446393	0.0578369
-2.5	-5	0.0421641	0.0682412
-2	-5	0.0372721	0.0780271
-1.5	-5	0.0301723	0.0863485
-1	-5	0.0213454	0.0925873
-0.5	-5	0.0113798	0.0964078
0	-5	0.00085423	0.0976759
0.5	-5	-0.00968776	0.0963613
1	-5	-0.0197026	0.0924978
1.5	-5	-0.0286114	0.0862227
2	-5	-0.0358253	0.0778745
2.5	-5	-0.040863	0.0680725
3	-5	-0.0435145	0.0576629
3.5	-5	-0.0439167	0.0474881
4	-5	-0.04248	0.0381837
4.5	-5	-0.0397405	0.0301068
5	-5	-0.0362283	0.0233687
5.5	-5	-0.0323901	0.017912
6	-5	-0.0285619	0.0135872
6.5	-5	-0.0249741	0.0102086
7	-5	-0.0217717	0.00759027
7.5	-5	-0.0190372	0.00556343
8	-5	-0.0168113	0.00398343
8.5	-5	-0.0151095	0.00272961
9	-5	-0.0139336	0.00170201
9.5	-5	-0.0132799	0.000816601
-9.5	-4.5	0.0117667	0.000573467
-9	-4.5	0.0127917	0.00120588
-8.5	-4.5	0.0144163	0.0019664
-8	-4.5	0.0166616	0.0029381
-7.5	-4.5	0.0195495	0.00422593
-7	-4.5	0.0230938	0.00596528
-6.5	-4.5	0.0272856	0.00833055
-6	-4.5	0.032072	0.0115418
-5.5	-4.5	0.0373252	0.015865
-5	-4.5	0.0428023	0.0215992
-4.5	-4.5	0.0481004	0.029038
-4	-4.5	0.0526231	0.0383907
-3.5	-4.5	0.0555885	0.0496539
-3	-4.5	0.056128	0.0624472
-2.5	-4.5	0.0535119	0.075887
-2	-4.5	0.04746	0.0886521
-1.5	-4.5	0.0383328	0.0993867
-1	-4.5	0.0269481	0.107256
-0.5	-4.5	0.014195	0.111963
0	-4.5	0.000817912	0.113491
0.5	-4.5	-0.0125735	0.111865
1	-4.5	-0.0253694	0.107065
1.5	-4.5	-0.0368259	0.0991129
2	-4.5	-0.0460544	0.0883096
2.5	-4.5	-0.0522381	0.0754928
3	-4.5	-0.0550171	0.0620187
3.5	-4.5	-0.0546705	0.0492069
4	-4.5	-0.0519248	0.0379385
4.5	-4.5	-0.0476439	0.0285915
5	-4.5	-0.0426039	0.021167
5.5	-4.5	-0.0373954	0.015454
6	-4.5	-0.0324161	0.0111578
6.5	-4.5	-0.0279046	0.00797873
7	-4.5	-0.0239863	0.00565008
7.5	-4.5	-0.0207126	0.00395163
8	-4.5	-0.0180923	0.0027089
8.5	-4.5	-0.0161126	0.00178667
9	-4.5	-0.0147533	0.00108037
9.5	-4.5	-0.0139948	0.000507571
-9.5	-4	0.0122239	0.000252422
-9	-4	0.0133335	0.000546229
-8.5	-4	0.0151155	0.000938154
-8	-4	0.0176113	0.00150168
-7.5	-4	0.0208733	0.00233767
-7	-4	0.0249567	0.00358752
-6.5	-4	0.0299054	0.00544879
-6	-4	0.0357276	0.00819262
-5.5	-4	0.042355	0.0121788
-5	-4	0.0495807	0.0178594
-4.5	-4	0.0569744	0.0257515
-4	-4	0.0637872	0.0363474
-3.5	-4	0.0688936	0.0499184
-3	-4	0.0708724	0.0661898
-2.5	-4	0.068369	0.0839674
-2	-4	0.0607718	0.101052
-1.5	-4	0.0487758	0.115023
-1	-4	0.0339217	0.12481
-0.5	-4	0.0176154	0.130419
0	-4	0.000756225	0.132184
0.5	-4	-0.0161143	0.130272
1	-4	-0.0324547	0.124522
1.5	-4	-0.0473664	0.114607
2	-4	-0.0594453	0.100529
2.5	-4	-0.067154	0.0833598
3	-4	-0.0698004	0.0655217
3.5	-4	-0.0679969	0.0492113
4	-4	-0.0630954	0.0356197
4.5	-4	-0.056512	0.0250186
5	-4	-0.0493658	0.0171349
5.5	-4	-0.0423992	0.0114751
6	-4	-0.0360371	0.00752143
6.5	-4	-0.0304819	0.0048216
7	-4	-0.0257988	0.00301555
7.5	-4	-0.0219783	0.00183204
8	-4	-0.0189763	0.00107352
8.5	-4	-0.016738	0.000598783
9	-4	-0.0152127	0.000307346
9.5	-4	-0.0143603	0.000126362
-9.5	-3.5	0.0123129	-0.000136441
-9	-3.5	0.0134774	-0.000257071
-8.5	-3.5	0.0153717	-0.000326631
-8	-3.5	0.0180611	-0.000291991
-7.5	-3.5	0.0216354	-6.94781e-05
-7	-3.5	0.0262049	0.000472484
-6.5	-3.5	0.0318907	0.00153729
-6	-3.5	0.0388021	0.00343205
-5.5	-3.5	0.046992	0.00660669
-5	-3.5	0.056375	0.0116932
-4.5	-3.5	0.0665884	0.0195223
-4	-3.5	0.07679	0.0310649
-3.5	-3.5	0.085431	0.0471926
-3	-3.5	0.0901771	0.0681105
-2.5	-3.5	0.0883739	0.0924012
-2	-3.5	0.0785151	0.116204
-1.5	-3.5	0.0620908	0.134466
-1	-3.5	0.0423444	0.146157
-0.5	-3.5	0.0215694	0.152331
0	-3.5	0.000670784	0.15417
0.5	-3.5	-0.0202356	0.152138
1	-3.5	-0.0410338	0.14578
1.5	-3.5	-0.0608194	0.13392
2	-3.5	-0.077302	0.115515
2.5	-3.5	-0.087245	0.0915997
3	-3.5	-0.0891656	0.0672274
3.5	-3.5	-0.0845725	0.0462537
4	-3.5	-0.0761175	0.0300914
4.5	-3.5	-0.0661287	0.0185326
5	-3.5	-0.0561474	0.0107045
5.5	-3.5	-0.0470088	0.00563616
6	-3.5	-0.0390695	0.00249707
6.5	-3.5	-0.0324105	0.000655507
7	-3.5	-0.0269758	-0.000338254
7.5	-3.5	-0.0226546	-0.000791223
8	-3.5	-0.0193255	-0.000906705
8.5	-3.5	-0.0168788	-0.000816107
9	-3.5	-0.0152257	-0.000602765
9.5	-3.5	-0.0143022	-0.000319249
-9.5	-3	0.0119668	-0.000578539
-9	-3	0.0131433	-0.001175
-8.5	-3	0.0150806	-0.00178543
-8	-3	0.0178685	-0.00238977
-7.5	-3	0.0216378	-0.00293893
-7	-3	0.0265635	-0.003335
-6.5	-3	0.032865	-0.00340066
-6	-3	0.040797	-0.00283192
-5.5	-3	0.0506161	-0.001128
-5	-3	0.0624963	0.00250595
-4.5	-3	0.0763461	0.00927305
-4	-3	0.0914575	0.0208611
-3.5	-3	0.105939	0.0393098
-3	-3	0.116081	0.0662597
-2.5	-3	0.116463	0.100893
-2	-3	0.102837	0.136441
-1.5	-3	0.0787288	0.160005
-1	-3	0.0517864	0.172538
-0.5	-3	0.0256279	0.17809
0	-3	0.000564021	0.179542
0.5	-3	-0.0245036	0.177858
1	-3	-0.0506727	0.172083
1.5	-3	-0.0776318	0.159344
2	-3	-0.101766	0.135604
2.5	-3	-0.115441	0.0999246
3	-3	-0.115146	0.0651968
3.5	-3	-0.105133	0.0381791
4	-3	-0.0908166	0.0196832
4.5	-3	-0.0758989	0.00806687
5	-3	-0.0622622	0.00129124
5.5	-3	-0.0506066	-0.00233003
6	-3	-0.0410178	-0.00399859
6.5	-3	-0.0333172	-0.00450821
7	-3	-0.0272455	-0.00435909
7.5	-3	-0.0225468	-0.00385491
8	-3	-0.0190011	-0.0031729
8.5	-3	-0.0164341	-0.00241085
9	-3	-0.0147158	-0.00161764
9.5	-3	-0.0137575	-0.000812922
-9.5	-2.5	0.0111379	-0.00105008
-9	-2.5	0.0122705	-0.00215874
-8.5	-2.5	0.0141569	-0.00336241
-8	-2.5	0.0169076	-0.00468703
-7.5	-2.5	0.0206901	-0.00613775
-7	-2.5	0.0257432	-0.00768094
-6.5	-2.5	0.0323938	-0.00921238
-6	-2.5	0.0410747	-0.0105013
-5.5	-2.5	0.0523299	-0.0110934
-5	-2.5	0.066776	-0.0101453
-4.5	-2.5	0.0849435	-0.00615875
-4	-2.5	0.106827	0.00340305
-3.5	-2.5	0.13083	0.0224978
-3	-2.5	0.15176	0.0562592
-2.5	-2.5	0.158555	0.107963
-2	-2.5	0.137628	0.16812
-1.5	-2.5	0.0981877	0.196014
-1	-2.5	0.0604292	0.205329
-0.5	-2.5	0.0285734	0.207378
0	-2.5	0.000439158	0.207483
0.5	-2.5	-0.027695	0.207114
1	-2.5	-0.0595484	0.204808
1.5	-2.5	-0.0972975	0.195253
2	-2.5	-0.136721	0.167155
2.5	-2.5	-0.157653	0.106863
3	-2.5	-0.150911	0.0550645
3.5	-2.5	-0.130086	0.021228
4	-2.5	-0.10623	0.00207306
4.5	-2.5	-0.0845206	-0.00753174
5	-2.5	-0.0665443	-0.01154
5.5	-2.5	-0.0522987	-0.0124845
6	-2.5	-0.0412477	-0.0118608
6.5	-2.5	-0.032771	-0.0105105
7	-2.5	-0.0263225	-0.00888689
7.5	-2.5	-0.0214684	-0.00722051
8	-2.5	-0.0178815	-0.00561552
8.5	-2.5	-0.0153235	-0.0041056
9	-2.5	-0.0136278	-0.00268558
9.5	-2.5	-0.0126845	-0.00132932
-9.5	-2	0.00980807	-0.00151899
-9	-2	0.010831	-0.00314115
-8.5	-2	0.0125523	-0.0049495
-8	-2	0.0150932	-0.00702619
-7.5	-2	0.0186439	-0.0094485
-7	-2	0.0234888	-0.0122786
-6.5	-2	0.0300446	-0.0155411
-6	-2	0.038916	-0.0191755
-5.5	-2	0.0509721	-0.0229387
-5	-2	0.067431	-0.026206
-4.5	-2	0.0898945	-0.027567
-4	-2	0.120114	-0.024021
-3.5	-2	0.158795	-0.00944966
-3	-2	0.201546	0.0278039
-2.5	-2	0.228324	0.106014
-2	-2	0.190888	0.231443
-1.5	-2	0.115938	0.249966
-1	-2	0.0631502	0.244746
-0.5	-2	0.0277818	0.237971
0	-2	0.00030019	0.235265
0.5	-2	-0.0271786	0.237684
1	-2	-0.0625341	0.244174
1.5	-2	-0.115285	0.24912
2	-2	-0.190155	0.230357
2.5	-2	-0.227532	0.104832
3	-2	-0.200782	0.0265438
3.5	-2	-0.158124	-0.0107918
4	-2	-0.119576	-0.0254416
4.5	-2	-0.089512	-0.0290513
5	-2	-0.0672149	-0.02773
5.5	-2	-0.0509275	-0.0244724
6	-2	-0.0390438	-0.0206849
6.5	-2	-0.0303432	-0.0169902
7	-2	-0.0239556	-0.0136306
7.5	-2	-0.0192754	-0.0106664
8	-2	-0.0158862	-0.00807318
8.5	-2	-0.0135041	-0.00578909
9	-2	-0.0119396	-0.00373709
9.5	-2	-0.0110719	-0.0018351
-9.5	-1.5	0.00799678	-0.00194756
-9	-1.5	0.00884002	-0.00404215
-8.5	-1.5	0.0102719	-0.00641438
-8	-1.5	0.0124086	-0.00920649
-7.5	-1.5	0.0154377	-0.0125778
-7	-1.5	0.0196506	-0.0167086
-6.5	-1.5	0.0254969	-0.0217992
-6	-1.5	0.0336771	-0.0280565
-5.5	-1.5	0.0452994	-0.0356476
-5	-1.5	0.0621477	-0.0445697
-4.5	-1.5	0.0871285	-0.0543066
-4	-1.5	0.124944	-0.0629215
-3.5	-1.5	0.182654	-0.0645621
-3	-1.5	0.267224	-0.0421358
-2.5	-1.5	0.362195	0.0562444
-2	-1.5	0.281579	0.400965
-1.5	-1.5	0.11149	0.326962
-1	-1.5	0.0484346	0.285028
-0.5	-1.5	0.0190928	0.263812
0	-1.5	0.000151918	0.257246
0.5	-1.5	-0.0187859	0.263512
1	-1.5	-0.0481128	0.284425
1.5	-1.5	-0.111115	0.326046
2	-1.5	-0.281009	0.399709
2.5	-1.5	-0.361466	0.055076
3	-1.5	-0.266535	-0.0433622
3.5	-1.5	-0.182072	-0.0658964
4	-1.5	-0.124489	-0.064368
4.5	-1.5	-0.0868091	-0.0558469
5	-1.5	-0.0619654	-0.0461731
5.5	-1.5	-0.0452535	-0.0372772
6	-1.5	-0.0337655	-0.0296716
6.5	-1.5	-0.0257168	-0.0233578
7	-1.5	-0.0199987	-0.0181683
7.5	-1.5	-0.015911	-0.0138964
8	-1.5	-0.0130042	-0.0103425
8.5	-1.5	-0.0109874	-0.00732672
9	-1.5	-0.00967377	-0.0046904
9.5	-1.5	-0.00894742	-0.00229162
-9.5	-1	0.00576591	-0.00229702
-9	-1	0.00636413	-0.00477837
-8.5	-1	0.00738794	-0.00761634
-8	-1	0.00892974	-0.0110077
-7.5	-1	0.0111418	-0.0151895
-7	-1	0.0142675	-0.0204604
-6.5	-1	0.0186966	-0.0272097
-6	-1	0.0250675	-0.0359574
-5.5	-1	0.034459	-0.0474098
-5	-1	0.048772	-0.0625284
-4.5	-1	0.0715426	-0.0825994
-4	-1	0.109859	-0.109244
-3.5	-1	0.179581	-0.144206
-3	-1	0.322353	-0.188522
-2.5	-1	0.671425	-0.240445
-2	-1	0.461605	-0.292033
-1.5	-1	-0	-0.329165
-1	-1	-0	-0.351938
-0.5	-1	-0	-0.363879
0	-1	-0	-0.367612
0.5	-1	-0	-0.36403
1	-1	-0	-0.352244
1.5	-1	-0	-0.329632
2	-1	-0.461125	-0.292675
2.5	-1	-0.670604	-0.241289
3	-1	-0.321754	-0.189575
3.5	-1	-0.17913	-0.145455
4	-1	-0.109527	-0.110663
4.5	-1	-0.0713171	-0.08415
5	-1	-0.0486452	-0.064168
5.5	-1	-0.034426	-0.0490925
6	-1	-0.0251244	-0.037636
6.5	-1	-0.0188399	-0.0288367
7	-1	-0.0144942	-0.0219889
7.5	-1	-0.0114496	-0.0165733
8	-1	-0.0093165	-0.0122017
8.5	-1	-0.00785207	-0.00857639
9	-1	-0.00690446	-0.00546104
9.5	-1	-0.00638154	-0.00265951
-9.5	-0.5	0.00321841	-0.00253315
-9	-0.5	0.0035207	-0.00527562
-8.5	-0.5	0.0040426	-0.00842828
-8	-0.5	0.00483545	-0.0122261
-7.5	-0.5	0.00598494	-0.0169626
-7	-0.5	0.00763035	-0.0230252
-6.5	-0.5	0.00999992	-0.0309505
-6	-0.5	0.013477	-0.0415161
-5.5	-0.5	0.0187285	-0.0558965
-5	-0.5	0.0269581	-0.0759474
-4.5	-0.5	0.0404128	-0.104744
-4	-0.5	0.063338	-0.147678
-3.5	-0.5	0.103376	-0.214909
-3	-0.5	0.170984	-0.327684
-2.5	-0.5	0.258684	-0.53779
-2	-0.5	0.192859	-0.999676
-1.5	-0.5	0.0515845	-0.999837
-1	-0.5	0.0137214	-0.999917
-0.5	-0.5	0.00341879	-0.999953
0	-0.5	3.88441e-07	-0.999963
0.5	-0.5	-0.00341729	-0.999953
1	-0.5	-0.0137143	-0.999917
1.5	-0.5	-0.051546	-0.999838
2	-0.5	-0.192666	-0.999683
2.5	-0.5	-0.258365	-0.538293
3	-0.5	-0.170701	-0.328551
3.5	-0.5	-0.10316	-0.216059
4	-0.5	-0.0631845	-0.149049
4.5	-0.5	-0.0403144	-0.106279
5	-0.5	-0.0269079	-0.0775915
5.5	-0.5	-0.0187215	-0.0575962
6	-0.5	-0.0135097	-0.0432194
6.5	-0.5	-0.0100697	-0.0326064
7	-0.5	-0.00773534	-0.0245839
7.5	-0.5	-0.0061238	-0.0183759
8	-0.5	-0.00500728	-0.0134468
8.5	-0.5	-0.00424679	-0.00941048
9	-0.5	-0.00375689	-0.00597436
9.5	-0.5	-0.00348638	-0.00290427
-9.5	0	0.000490291	-0.00263206
-9	0	0.000469001	-0.00548184
-8.5	0	0.000437433	-0.00876024
-8	0	0.000395409	-0.0127158
-7.5	0	0.000342789	-0.0176625
-7	0	0.000279526	-0.0240203
-6.5	0	0.000205716	-0.0323817
-6	0	0.000121615	-0.0436229
-5.5	0	2.76276e-05	-0.0591026
-5	0	-7.56851e-05	-0.0810292
-4.5	0	-0.000187467	-0.113168
-4	0	-0.000305845	-0.16222
-3.5	0	-0.000425303	-0.240438
-3	0	-0.000528588	-0.369805
-2.5	0	-0.000566825	-0.58347
-2	0	-0.000441199	-0.888388
-1.5	0	-0.000241327	-0.970083
-1	0	-0.000116417	-0.991946
-0.5	0	-4.5893e-05	-0.997699
0	0	4.12947e-07	-0.99885
0.5	0	4.62138e-05	-0.997699
1	0	0.000114592	-0.991948
1.5	0	0.000233519	-0.9701
2	0	0.000419907	-0.888479
2.5	0	0.000528918	-0.583914
3	0	0.000479312	-0.370609
3.5	0	0.000371441	-0.241543
4	0	0.000253155	-0.16356
4.5	0	0.000140469	-0.114681
5	0	3.78214e-05	-0.0826571
5.5	0	-5.38565e-05	-0.0607897
6	0	-0.00013455	-0.0453161
6.5	0	-0.000204431	-0.0340292
7	0	-0.000263692	-0.0255722
7.5	0	-0.00031252	-0.0190702
8	0	-0.0003511	-0.0139322
8.5	0	-0.000379617	-0.00973915
9	0	-0.000398252	-0.00617836
9.5	0	-0.000407177	-0.00300202
-9.5	0.5	-0.00226343	-0.00258443
-9	0.5	-0.00260748	-0.00537686
-8.5	0.5	-0.00319139	-0.00857761
-8	0.5	-0.00406677	-0.012421
-7.5	0.5	-0.00531951	-0.0171997
-7	0.5	-0.00708887	-0.0233
-6.5	0.5	-0.00960274	-0.0312576
-6	0.5	-0.0132438	-0.0418482
-5.5	0.5	-0.0186778	-0.0562445
-5	0.5	-0.0271074	-0.0762998
-4.5	0.5	-0.0407778	-0.105087
-4	0.5	-0.0639323	-0.147993
-3.5	0.5	-0.104209	-0.215181
-3	0.5	-0.172048	-0.327912
-2.5	0.5	-0.259898	-0.538048
-2	0.5	-0.193754	-1.00032
-1.5	0.5	-0.0519736	-1.00016
-1	0.5	-0.0138941	-1.00008
-0.5	0.5	-0.00348494	-1.00005
0	0.5	2.03677e-07	-1.00004
0.5	0.5	0.00348392	-1.00005
1	0.5	0.0138844	-1.00008
1.5	0.5	0.0519232	-1.00016
2	0.5	0.193521	-1.00032
2.5	0.5	0.259505	-0.538537
3	0.5	0.17167	-0.32876
3.5	0.5	0.103889	-0.216304
4	0.5	0.0636775	-0.149328
4.5	0.5	0.0405887	-0.106578
5	0.5	0.0269837	-0.0778952
5.5	0.5	0.0186196	-0.0578924
6	0.5	0.0132508	-0.0434985
6.5	0.5	0.0096742	-0.0328614
7	0.5	0.00722372	-0.0248094
7.5	0.5	0.00551625	-0.018568
8	0.5	0.00432376	-0.0136029
8.5	0.5	0.00350701	-0.00952855
9	0.5	0.00298024	-0.00605335
9.5	0.5	0.00269198	-0.00294371
-9.5	1	-0.00488657	-0.00239715
-9	1	-0.00552418	-0.00497612
-8.5	1	-0.0066067	-0.00790814
-8	1	-0.00822665	-0.0113887
-7.5	1	-0.0105363	-0.0156534
-7	1	-0.0137784	-0.0209991
-6.5	1	-0.0183424	-0.0278126
-6	1	-0.0248652	-0.0366112
-5.5	1	-0.034424	-0.0480976
-5	1	-0.0489177	-0.0632292
-4.5	1	-0.0718806	-0.0832865
-4	1	-0.1104	-0.109884
-3.5	1	-0.180344	-0.144758
-3	1	-0.323396	-0.188939
-2.5	1	-0.672979	-0.240678
-2	1	-0.462557	-0.292059
-1.5	1	-0	-0.329091
-1	1	-0	-0.351819
-0.5	1	-0	-0.363741
0	1	-0	-0.36747
0.5	1	-0	-0.363893
1	1	-0	-0.352124
1.5	1	-0	-0.329555
2	1	0.462045	-0.292694
2.5	1	0.672086	-0.2415
3	1	0.322713	-0.189952
3.5	1	0.179803	-0.145949
4	1	0.109978	-0.111229
4.5	1	0.0715734	-0.0847502
5	1	0.0487237	-0.0647724
5.5	1	0.0343429	-0.0496783
6	1	0.0248965	-0.038186
6.5	1	0.0184846	-0.0293379
7	1	0.0140297	-0.0224315
7.5	1	0.010894	-0.01695
8	1	0.00868838	-0.0125074
8.5	1	0.00716989	-0.00880762
9	1	0.00618658	-0.00561569
9.5	1	0.00564618	-0.00273672
-9.5	1.5	-0.00723956	-0.00209179
-9	1.5	-0.00811847	-0.00432712
-8.5	1.5	-0.00960397	-0.00683517
-8	1.5	-0.0118121	-0.00975651
-7.5	1.5	-0.0149299	-0.0132484
-7	1.5	-0.019248	-0.0174887
-6.5	1.5	-0.0252148	-0.0226747
-6	1.5	-0.0335289	-0.0290098
-5.5	1.5	-0.0452958	-0.0366566
-5	1.5	-0.0622963	-0.0456072
-4.5	1.5	-0.0874329	-0.055339
-4	1.5	-0.125404	-0.0639065
-3.5	1.5	-0.183264	-0.0654446
-3	1.5	-0.267968	-0.0428357
-2.5	1.5	-0.363019	0.0558737
-2	1.5	-0.282167	0.401296
-1.5	1.5	-0.111733	0.327135
-1	1.5	-0.0485439	0.285109
-0.5	1.5	-0.0191363	0.263848
0	1.5	-0.000151028	0.25727
0.5	1.5	0.0188307	0.263554
1	1.5	0.0482217	0.284519
1.5	1.5	0.111352	0.326236
2	1.5	0.281576	0.400058
2.5	1.5	0.362248	0.0547486
3	1.5	0.26722	-0.0439932
3.5	1.5	0.182611	-0.0666863
4	1.5	0.124877	-0.0652398
4.5	1.5	0.0870454	-0.0567495
5	1.5	0.0620556	-0.0470691
5.5	1.5	0.0452059	-0.038138
6	1.5	0.0335912	-0.0304753
6.5	1.5	0.0254288	-0.0240874
7	1.5	0.0196116	-0.018811
7.5	1.5	0.0154403	-0.0144426
8	1.5	0.0124662	-0.0107852
8.5	1.5	0.0103987	-0.00766136
9	1.5	0.00905114	-0.00491413
9.5	1.5	0.00830767	-0.0024033
-9.5	2	-0.0092137	-0.00170041
-9	2	-0.0102676	-0.00349981
-8.5	2	-0.0120361	-0.00547959
-8	2	-0.0146399	-0.00771995
-7.5	2	-0.0182684	-0.0102958
-7	2	-0.0232047	-0.0132667
-6.5	2	-0.0298635	-0.0166537
-6	2	-0.0388472	-0.0203927
-5.5	2	-0.0510214	-0.0242361
-5	2	-0.0676001	-0.0275543
-4.5	2	-0.0901799	-0.0289315
-4	2	-0.120506	-0.0253603
-3.5	2	-0.159274	-0.0107152
-3	2	-0.202078	0.0266699
-2.5	2	-0.228847	0.105077
-2	2	-0.191296	0.230746
-1.5	2	-0.116187	0.249303
-1	2	-0.0632871	0.244072
-0.5	2	-0.0278392	0.237287
0	2	-0.000293223	0.234582
0.5	2	0.0272491	0.237016
1	2	0.0626814	0.243534
1.5	2	0.115539	0.248504
2	2	0.190558	0.229722
2.5	2	0.228035	0.103978
3	2	0.201278	0.0255168
3.5	2	0.158556	-0.0119264
4	2	0.119915	-0.0266287
4.5	2	0.0897441	-0.0302463
5	2	0.0673352	-0.0288969
5.5	2	0.0509367	-0.0255821
6	2	0.0389471	-0.0217141
6.5	2	0.030149	-0.0179206
7	2	0.0236744	-0.0144477
7.5	2	0.0189198	-0.0113595
8	2	0.0154697	-0.00863426
8.5	2	0.013041	-0.0062128
9	2	0.0114446	-0.00402022
9.5	2	0.0105603	-0.00197639
-9.5	2.5	-0.0107394	-0.00125993
-9	2.5	-0.0118977	-0.0025739
-8.5	2.5	-0.0138241	-0.00397664
-8	2.5	-0.0166283	-0.00549205
-7.5	2.5	-0.0204766	-0.0071229
-7	2.5	-0.0256059	-0.0088327
-6.5	2.5	-0.0323408	-0.010514
-6	2.5	-0.0411113	-0.0119324
-5.5	2.5	-0.0524575	-0.0126295
-5	2.5	-0.0669917	-0.0117583
-4.5	2.5	-0.085239	-0.00781619
-4	2.5	-0.107187	0.00173673
-3.5	2.5	-0.131233	0.0208603
-3	2.5	-0.152176	0.0546872
-2.5	2.5	-0.158943	0.106485
-2	2.5	-0.137942	0.166738
-1.5	2.5	-0.0984068	0.194672
-1	2.5	-0.0605595	0.204
-0.5	2.5	-0.0286262	0.206055
0	2.5	-0.000421532	0.20617
0.5	2.5	0.0277819	0.205817
1	2.5	0.0597094	0.203529
1.5	2.5	0.0975409	0.193984
2	2.5	0.13705	0.165868
2.5	2.5	0.158042	0.105504
3	2.5	0.151315	0.0536349
3.5	2.5	0.130466	0.0197561
4	2.5	0.106557	0.00059282
4.5	2.5	0.0847772	-0.00898692
5	2.5	0.0667198	-0.0129399
5.5	2.5	0.0523887	-0.0138029
6	2.5	0.0412527	-0.0130757
6.5	2.5	0.0326951	-0.0116037
7	2.5	0.0261727	-0.00984417
7.5	2.5	0.0212538	-0.00803074
8	2.5	0.0176128	-0.00627052
8.5	2.5	0.0150128	-0.00459977
9	2.5	0.0132875	-0.00301561
9.5	2.5	0.0123279	-0.00149399
-9.5	3	-0.0117876	-0.000806558
-9	3	-0.0129843	-0.00162648
-8.5	3	-0.0149542	-0.00245415
-8	3	-0.0177862	-0.00326756
-7.5	3	-0.0216091	-0.00401529
-7	3	-0.0265958	-0.00459676
-6.5	3	-0.0329632	-0.00483161
-6	3	-0.0409627	-0.00441266
-5.5	3	-0.0508473	-0.00283582
-5	3	-0.0627867	0.000696797
-4.5	3	-0.0766849	0.00739079
-4	3	-0.0918291	0.0189353
-3.5	3	-0.106323	0.0373696
-3	3	-0.116453	0.0643305
-2.5	3	-0.116796	0.098992
-2	3	-0.103108	0.134572
-1.5	3	-0.0789248	0.158156
-1	3	-0.0519041	0.1707
-0.5	3	-0.0256694	0.176261
0	3	-0.000532059	0.177726
0.5	3	0.0246076	0.176061
1	3	0.0508484	0.170306
1.5	3	0.0778784	0.157585
2	3	0.102078	0.133854
2.5	3	0.115802	0.0981681
3	3	0.11553	0.0634365
3.5	3	0.105514	0.0364301
4	3	0.0911723	0.0179674
4.5	3	0.0762114	0.00640895
5	3	0.0625193	-0.000284799
5.5	3	0.0508009	-0.00380202
6	3	0.0411462	-0.00534708
6.5	3	0.0333804	-0.00571675
7	3	0.0272474	-0.00541425
7.5	3	0.0224934	-0.00474617
8	3	0.0189006	-0.0038924
8.5	3	0.0162959	-0.00295319
9	3	0.0145504	-0.00197966
9.5	3	0.0135759	-0.000993508
-9.5	3.5	-0.0123659	-0.000371387
-9	3.5	-0.0135453	-0.000722663
-8.5	3.5	-0.0154652	-0.00101706
-8	3.5	-0.0181894	-0.00119967
-7.5	3.5	-0.0218058	-0.0011847
-7	3.5	-0.0264222	-0.000838156
-6.5	3.5	-0.0321567	4.60037e-05
-6	3.5	-0.0391155	0.00177764
-5.5	3.5	-0.047348	0.00480935
-5	3.5	-0.0567651	0.00977537
-4.5	3.5	-0.0670004	0.0175081
-4	3.5	-0.0772086	0.0289788
-3.5	3.5	-0.0858381	0.0450582
-3	3.5	-0.0905536	0.065948
-2.5	3.5	-0.0887013	0.0902258
-2	3.5	-0.078778	0.114024
-1.5	3.5	-0.0622793	0.132285
-1	3.5	-0.0424541	0.143978
-0.5	3.5	-0.0215994	0.150159
0	3.5	-0.000621996	0.152011
0.5	3.5	0.0203613	0.150001
1	3.5	0.0412335	0.14367
1.5	3.5	0.0610888	0.131841
2	3.5	0.0776333	0.113466
2.5	3.5	0.0876252	0.0895825
3	3.5	0.0895774	0.0652477
3.5	3.5	0.0849969	0.0443232
4	3.5	0.0765359	0.0282261
4.5	3.5	0.0665249	0.0167513
5	3.5	0.0565088	0.00902608
5.5	3.5	0.0473264	0.00407887
6	3.5	0.039338	0.00107733
6.5	3.5	0.0326279	-0.000612387
7	3.5	0.0271433	-0.00144242
7.5	3.5	0.0227756	-0.00172218
8	3.5	0.0194058	-0.00165732
8.5	3.5	0.0169255	-0.00138145
9	3.5	0.0152472	-0.000979962
9.5	3.5	0.0143076	-0.000507378
-9.5	4	-0.0125103	2.22759e-05
-9	4	-0.0136299	8.97435e-05
-8.5	4	-0.0154313	0.000260439
-8	4	-0.0179538	0.000609402
-7.5	4	-0.0212475	0.00123935
-7	4	-0.0253651	0.00229374
-6.5	4	-0.0303474	0.0039724
-6	4	-0.0361994	0.00654876
-5.5	4	-0.0428496	0.0103848
-5	4	-0.050088	0.0159342
-4.5	4	-0.0574815	0.0237154
-4	4	-0.064279	0.0342208
-3.5	4	-0.069354	0.047721
-3	4	-0.0712853	0.0639394
-2.5	4	-0.0687199	0.081679
-2	4	-0.0610489	0.0987372
-1.5	4	-0.0489709	0.112692
-1	4	-0.0340305	0.122472
-0.5	4	-0.0176362	0.128084
0	4	-0.000689502	0.129862
0.5	4	0.0162662	0.127972
1	4	0.0326876	0.122254
1.5	4	0.0476743	0.112379
2	4	0.0598198	0.0983468
2.5	4	0.0675835	0.081231
3	4	0.0702709	0.0634542
3.5	4	0.0684926	0.0472161
4	4	0.0636004	0.0337099
4.5	4	0.0570114	0.023209
5	4	0.0498469	0.0154405
5.5	4	0.0428522	0.00991072
6	4	0.0364549	0.00610064
6.5	4	0.0308607	0.00355634
7	4	0.0261376	0.00191596
7.5	4	0.0222785	0.000906313
8	4	0.0192414	0.00032787
8.5	4	0.0169733	3.754e-05
9	4	0.0154245	-6.69943e-05
9.5	4	0.0145559	-6.03298e-05
-9.5	4.5	-0.0122761	0.00035977
-9	4.5	-0.0133071	0.000781638
-8.5	4.5	-0.0149455	0.00133585
-8	4.5	-0.0172105	0.00210681
-7.5	4.5	-0.0201215	0.00320098
-7	4.5	-0.0236891	0.0047555
-6.5	4.5	-0.0279017	0.00694663
-6	4.5	-0.0327031	0.00999626
-5.5	4.5	-0.0379625	0.0141722
-5	4.5	-0.0434344	0.0197748
-4.5	4.5	-0.0487138	0.0270987
-4	4.5	-0.0532029	0.0363534
-3.5	4.5	-0.0561195	0.0475354
-3	4.5	-0.0565957	0.0602632
-2.5	4.5	-0.0539035	0.0736519
-2	4.5	-0.0477653	0.0863792
-1.5	4.5	-0.0385446	0.0970884
-1	4.5	-0.027062	0.104944
-0.5	4.5	-0.0142095	0.10965
0	4.5	-0.000733601	0.11119
0.5	4.5	0.0127537	0.109586
1	4.5	0.0256407	0.104819
1.5	4.5	0.0371813	0.096911
2	4.5	0.046485	0.086161
2.5	4.5	0.0527326	0.0734064
3	4.5	0.0555625	0.060004
3.5	4.5	0.0552525	0.0472743
4	4.5	0.0525287	0.0360992
4.5	4.5	0.0482555	0.0268574
5	4.5	0.0432105	0.0195503
5.5	4.5	0.0379865	0.0139665
6	4.5	0.0329836	0.00981045
6.5	4.5	0.0284433	0.00678128
7	4.5	0.0244932	0.00461098
7.5	4.5	0.0211875	0.00307773
8	4.5	0.018537	0.00200548
8.5	4.5	0.0165306	0.00125741
9	4.5	0.0151494	0.000727417
9.5	4.5	0.0143745	0.000331533
-9.5	5	-0.0117286	0.000634584
-9	5	-0.0126539	0.00134111
-8.5	5	-0.0141061	0.00219465
-8	5	-0.0160887	0.00328089
-7.5	5	-0.0185989	0.0047014
-7	5	-0.0216194	0.00657835
-6.5	5	-0.0251066	0.00905781
-6	5	-0.0289738	0.0123096
-5.5	5	-0.033071	0.0165204
-5	5	-0.0371615	0.021876
-4.5	5	-0.0409029	0.0285255
-4	5	-0.0438423	0.0365248
-3.5	5	-0.0454443	0.0457602
-3	5	-0.0451688	0.0558723
-2.5	5	-0.0426038	0.0662227
-2	5	-0.0376123	0.0759676
-1.5	5	-0.0304061	0.0842603
-1	5	-0.0214685	0.090483
-0.5	5	-0.0113908	0.0942997
0	5	-0.000754087	0.0955762
0.5	5	0.0098957	0.0942819
1	5	0.0200128	0.0904499
1.5	5	0.0290162	0.0842169
2	5	0.0363151	0.0759208
2.5	5	0.0414266	0.0661803
3	5	0.0441388	0.0558414
3.5	5	0.0445878	0.0457466
4	5	0.0431835	0.0365318
4.5	5	0.0404624	0.028554
5	5	0.0369559	0.0219246
5.5	5	0.0331123	0.0165861
6	5	0.0292698	0.0123881
6.5	5	0.0256612	0.00914419
7	5	0.022434	0.0066673
7.5	5	0.019673	0.00478756
8	5	0.017421	0.00335905
8.5	5	0.0156952	0.00225983
9	5	0.0144986	0.00138868
9.5	5	0.0138285	0.000660287
-9.5	5.5	-0.010935	0.000846978
-9	5.5	-0.011747	0.00177019
-8.5	5.5	-0.0130058	0.00284412
-8	5.5	-0.0147038	0.00415041
-7.5	5.5	-0.016824	0.00578079
-7	5.5	-0.0193327	0.00783907
-6.5	5.5	-0.0221705	0.0104411
-6	5.5	-0.0252405	0.0137112
-5.5	5.5	-0.0283961	0.0177731
-5	5.5	-0.0314293	0.0227327
-4.5	5.5	-0.0340651	0.0286508
-4	5.5	-0.0359682	0.0355056
-3.5	5.5	-0.0367721	0.0431503
-3	5.5	-0.0361331	0.0512803
-2.5	5.5	-0.0338081	0.0594318
-2	5.5	-0.0297277	0.0670361
-1.5	5.5	-0.0240292	0.0735265
-1	5.5	-0.0170226	0.0784494
-0.5	5.5	-0.00911629	0.0815094
0	5.5	-0.000751444	0.0825537
0.5	5.5	0.00762743	0.0815368
1	5.5	0.0155758	0.0785052
1.5	5.5	0.0226522	0.0736128
2	5.5	0.0284483	0.0671555
2.5	5.5	0.0326532	0.0595868
3	5.5	0.0351289	0.0514725
3.5	5.5	0.0359429	0.0433794
4	5.5	0.0353361	0.0357692
4.5	5.5	0.0336484	0.0289444
5	5.5	0.0312427	0.0230495
5.5	5.5	0.02845	0.0181048
6	5.5	0.0255417	0.0140483
6.5	5.5	0.0227225	0.0107732
7	5.5	0.0201366	0.0081554
7.5	5.5	0.0178793	0.00607049
8	5.5	0.0160093	0.00440272
8.5	5.5	0.0145603	0.00304849
9	5.5	0.0135498	0.00191631
9.5	5.5	0.0129859	0.000924862
-9.5	6	-0.00995843	0.00100222
-9	6	-0.0106567	0.00208102
-8.5	6	-0.0117259	0.00330672
-8	6	-0.013152	0.00475381
-7.5	6	-0.0149102	0.00650216
-7	6	-0.0169591	0.0086371
-6.5	6	-0.0192345	0.0112476
-6	6	-0.0216419	0.0144213
-5.5	6	-0.0240495	0.018236
-5	6	-0.0262838	0.022745
-4.5	6	-0.02813	0.0279583
-4	6	-0.0293428	0.0338185
-3.5	6	-0.0296696	0.040179
-3	6	-0.0288874	0.046791
-2.5	6	-0.026848	0.0533118
-2	6	-0.0235176	0.0593412
-1.5	6	-0.0189928	0.0644818
-1	6	-0.0134856	0.0683989
-0.5	6	-0.0072865	0.0708541
0	6	-0.000726757	0.0717105
0.5	6	0.00584723	0.070924
1	6	0.0120889	0.0685383
1.5	6	0.0176666	0.0646903
2	6	0.0222891	0.0596175
2.5	6	0.0257435	0.0536536
3	6	0.0279314	0.0471946
3.5	6	0.0288846	0.0406387
4	6	0.0287485	0.0343264
4.5	6	0.0277427	0.0285044
5	6	0.0261164	0.0233174
5.5	6	0.0241111	0.018821
6	6	0.0219381	0.0150042
6.5	6	0.0197683	0.0118129
7	6	0.0177314	0.00916892
7.5	6	0.0159204	0.00698452
8	6	0.014399	0.00517078
8.5	6	0.0132088	0.00364253
9	6	0.012375	0.00232013
9.5	6	0.0119122	0.00112932
-9.5	6.5	-0.00885399	0.00110882
-9	6.5	-0.00944253	0.00229201
-8.5	6.5	-0.010333	0.00361378
-8	6.5	-0.0115083	0.00514009
-7.5	6.5	-0.0129407	0.00693876
-7	6.5	-0.0145873	0.00907832
-6.5	6.5	-0.0163862	0.0116254
-6	6.5	-0.0182521	0.01464
-5.5	6.5	-0.0200724	0.0181674
-5	6.5	-0.021707	0.0222279
-4.5	6.5	-0.0229916	0.0268036
-4	6.5	-0.0237475	0.0318242
-3.5	6.5	-0.0237995	0.0371559
-3	6.5	-0.0230003	0.0425977
-2.5	6.5	-0.021258	0.0478913
-2	6.5	-0.0185577	0.0527454
-1.5	6.5	-0.0149715	0.0568719
-1	6.5	-0.0106503	0.0600215
-0.5	6.5	-0.00580467	0.0620081
0	6.5	-0.000681634	0.0627192
0.5	6.5	0.00445521	0.0621168
1	6.5	0.00934208	0.0602373
1.5	6.5	0.0137314	0.057192
2	6.5	0.0174116	0.0531653
2.5	6.5	0.0202304	0.0484045
3	6.5	0.022114	0.0431958
3.5	6.5	0.0230747	0.037828
4	6.5	0.0232018	0.0325575
4.5	6.5	0.0226393	0.0275829
5	6.5	0.0215592	0.0230362
5.5	6.5	0.0201368	0.0189861
6	6.5	0.0185336	0.0154497
6.5	6.5	0.0168872	0.0124058
7	6.5	0.0153083	0.00980869
7.5	6.5	0.0138811	0.00759847
8	6.5	0.0126673	0.00570851
8.5	6.5	0.0117096	0.00407041
9	6.5	0.0110366	0.00261655
9.5	6.5	0.0106657	0.00128111
-9.5	7	-0.00766642	0.00117693
-9	7	-0.00815176	0.00242463
-8.5	7	-0.00887779	0.00380044
-8	7	-0.00982704	0.00536169
-7.5	7	-0.010972	0.007165
-7	7	-0.0122724	0.00926466
-6.5	7	-0.0136728	0.0117097
-6	7	-0.0150999	0.0145396
-5.5	7	-0.0164616	0.0177779
-5	7	-0.0176475	0.0214248
-4.5	7	-0.0185337	0.0254482
-4	7	-0.0189905	0.029776
-3.5	7	-0.0188961	0.0342907
-3	7	-0.0181519	0.0388296
-2.5	7	-0.0167003	0.043194
-2	7	-0.014537	0.0471657
-1.5	7	-0.0117167	0.0505303
-1	7	-0.0083493	0.0530997
-0.5	7	-0.00458878	0.0547299
0	7	-0.000618115	0.0553314
0.5	7	0.00336537	0.054873
1	7	0.00716414	0.0533833
1.5	7	0.0105945	0.0509496
2	7	0.0135016	0.0477132
2.5	7	0.015774	0.0438596
3	7	0.0173549	0.0396008
3.5	7	0.0182463	0.0351523
4	7	0.0185033	0.0307105
4.5	7	0.0182214	0.0264358
5	7	0.0175196	0.0224439
5.5	7	0.0165246	0.0188056
6	7	0.0153578	0.0155519
6.5	7	0.0141274	0.0126822
7	7	0.012924	0.0101723
7.5	7	0.0118202	0.00798299
8	7	0.010871	0.0060652
8.5	7	0.0101168	0.00436481
9	7	0.00958569	0.00282532
9.5	7	0.0092956	0.00138948
-9.5	7.5	-0.00642935	0.00121705
-9	7.5	-0.00681902	0.00250079
-8.5	7.5	-0.00739591	0.00390177
-8	7.5	-0.00814378	0.00546934
-7.5	7.5	-0.00903773	0.00725047
-7	7.5	-0.0100426	0.00928786
-6.5	7.5	-0.0111113	0.0116172
-6	7.5	-0.0121839	0.0142632
-5.5	7.5	-0.0131872	0.0172353
-5	7.5	-0.0140367	0.0205218
-4.5	7.5	-0.0146404	0.0240843
-4	7.5	-0.0149051	0.027854
-3.5	7.5	-0.014746	0.0317287
-3	7.5	-0.014097	0.0355758
-2.5	7.5	-0.0129218	0.0392387
-2	7.5	-0.0112214	0.0425498
-1.5	7.5	-0.00903752	0.0453451
-1	7.5	-0.00645066	0.0474803
-0.5	7.5	-0.00357297	0.0488435
0	7.5	-0.000538591	0.0493638
0.5	7.5	0.00250715	0.0490159
1	7.5	0.00541869	0.0478218
1.5	7.5	0.00806126	0.045849
2	7.5	0.0103217	0.0432062
2.5	7.5	0.012118	0.0400347
3	7.5	0.0134066	0.0364952
3.5	7.5	0.0141844	0.0327527
4	7.5	0.0144853	0.0289611
4.5	7.5	0.0143728	0.0252508
5	7.5	0.0139291	0.0217221
5.5	7.5	0.0132449	0.0184427
6	7.5	0.0124101	0.0154499
6.5	7.5	0.0115076	0.0127548
7	7.5	0.0106091	0.010348
7.5	7.5	0.00977401	0.00820456
8	7.5	0.00904911	0.006289
8.5	7.5	0.00846976	0.00455875
9	7.5	0.00806128	0.00296692
9.5	7.5	0.00784042	0.0014642
-9.5	8	-0.00516562	0.00123911
-9	8	-0.00546704	0.00254094
-8.5	8	-0.00590925	0.00394996
-8	8	-0.00647834	0.00550867
-7.5	8	-0.00715344	0.00725615
-7	8	-0.0079057	0.00922611
-6.5	8	-0.00869745	0.0114443
-6	8	-0.00948179	0.0139255
-5.5	8	-0.0102031	0.0166698
-5	8	-0.0107985	0.0196589
-4.5	8	-0.0112014	0.0228525
-4	8	-0.0113461	0.0261863
-3.5	8	-0.0111743	0.0295716
-3	8	-0.010642	0.032898
-2.5	8	-0.00972634	0.0360393
-2	8	-0.00843061	0.0388625
-1.5	8	-0.0067861	0.0412388
-1	8	-0.00485086	0.0430548
-0.5	8	-0.00270531	0.0442217
0	8	-0.000445729	0.044683
0.5	8	0.00182335	0.0444179
1	8	0.00399721	0.0434431
1.5	8	0.005979	0.0418114
2	8	0.00768737	0.0396075
2.5	8	0.00906298	0.0369413
3	8	0.0100729	0.0339382
3.5	8	0.0107121	0.030728
4	8	0.0110014	0.0274342
4.5	8	0.0109824	0.024165
5	8	0.0107115	0.0210073
5.5	8	0.0102524	0.0180242
6	8	0.00966988	0.0152549
6.5	8	0.00902547	0.0127173
7	8	0.0083738	0.0104111
7.5	8	0.00776119	0.00832176
8	8	0.00722517	0.00642351
8.5	8	0.00679475	0.00468282
9	8	0.00649115	0.00306069
9.5	8	0.00632868	0.00151461
-9.5	8.5	-0.00388841	0.00125172
-9	8.5	-0.00410817	0.00256271
-8.5	8.5	-0.00442818	0.00397247
-8	8.5	-0.00483758	0.00551803
-7.5	8.5	-0.00532029	0.00723239
-7	8.5	-0.00585442	0.00914261
-6.5	8.5	-0.00641188	0.0112675
-6	8.5	-0.00695836	0.013615
-5.5	8.5	-0.00745386	0.0161794
-5	8.5	-0.00785412	0.0189389
-4.5	8.5	-0.00811301	0.0218533
-4	8.5	-0.00818597	0.0248628
-3.5	8.5	-0.00803422	0.0278892
-3	8.5	-0.00762932	0.0308382
-2.5	8.5	-0.00695733	0.0336046
-2	8.5	-0.00602186	0.0360791
-1.5	8.5	-0.00484524	0.0381569
-1	8.5	-0.00346774	0.0397457
-0.5	8.5	-0.00194471	0.0407732
0	8.5	-0.000342396	0.0411929
0.5	8.5	0.00126727	0.0409873
1	8.5	0.00281218	0.0401694
1.5	8.5	0.00422565	0.0387813
2	8.5	0.00545157	0.036891
2.5	8.5	0.00644864	0.0345867
3	8.5	0.00719327	0.0319697
3.5	8.5	0.00768038	0.0291458
4	8.5	0.00792233	0.0262175
4.5	8.5	0.00794589	0.0232766
5	8.5	0.00778823	0.0203999
5.5	8.5	0.0074924	0.0176455
6	8.5	0.0071032	0.0150528
6.5	8.5	0.00666384	0.0126434
7	8.5	0.0062136	0.0104228
7.5	8.5	0.00578639	0.00838305
8	8.5	0.00541017	0.0065055
8.5	8.5	0.00510694	0.00476327
9	8.5	0.00489308	0.00312342
9.5	8.5	0.00477972	0.00154887
-9.5	9	-0.00260291	0.00126174
-9	9	-0.00274629	0.00258011
-8.5	9	-0.00295393	0.00399091
-8	9	-0.00321842	0.00552723
-7.5	9	-0.00352886	0.00721778
-7	9	-0.00387062	0.00908505
-6.5	9	-0.00422509	0.0111432
-6	9	-0.00456985	0.0133959
-5.5	9	-0.00487911	0.0158341
-5	9	-0.00512467	0.018434
-4.5	9	-0.00527757	0.021156
-4	9	-0.00531019	0.0239442
-3.5	9	-0.00519888	0.0267277
-3	9	-0.00492661	0.029423
-2.5	9	-0.00448545	0.0319386
-2	9	-0.00387829	0.0341808
-1.5	9	-0.00311952	0.03606
-1	9	-0.00223455	0.0374977
-0.5	9	-0.00125809	0.0384326
0	9	-0.0002316	0.0388246
0.5	9	0.000799876	0.0386585
1	9	0.00179119	0.0379448
1.5	9	0.00270056	0.0367186
2	9	0.00349275	0.0350368
2.5	9	0.00414165	0.0329738
3	9	0.004632	0.030615
3.5	9	0.00495991	0.0280508
4	9	0.00513222	0.0253699
4.5	9	0.00516484	0.0226532
5	9	0.00508034	0.01997
5.5	9	0.00490531	0.0173748
6	9	0.00466785	0.0149065
6.5	9	0.00439545	0.0125883
7	9	0.00411341	0.0104292
7.5	9	0.00384389	0.00842571
8	9	0.0036054	0.00656368
8.5	9	0.00341266	0.00482082
9	9	0.00327675	0.00316847
9.5	9	0.00320526	0.00157352
-9.5	9.5	-0.0013083	0.001274
-9	9.5	-0.00137901	0.00260291
-8.5	9.5	-0.00148106	0.00402029
-8	9.5	-0.00161071	0.00555684
-7.5	9.5	-0.00176246	0.00723871
-7	9.5	-0.00192898	0.00908571
-6.5	9.5	-0.00210102	0.0111093
-6	9.5	-0.00226751	0.0133108
-5.5	9.5	-0.0024158	0.0156792
-5	9.5	-0.0025322	0.0181899
-4.5	9.5	-0.00260274	0.0208038
-4	9.5	-0.00261422	0.0234675
-3.5	9.5	-0.00255544	0.026114
-3	9.5	-0.00241842	0.0286663
-2.5	9.5	-0.00219958	0.0310406
-2	9.5	-0.00190051	0.0331518
-1.5	9.5	-0.00152827	0.0349189
-1	9.5	-0.00109515	0.0362713
-0.5	9.5	-0.000617883	0.0371535
0	9.5	-0.000116429	0.0375294
0.5	9.5	0.000387533	0.0373851
1	9.5	0.000872272	0.0367295
1.5	9.5	0.00131766	0.0355939
2	9.5	0.0017067	0.034029
2.5	9.5	0.00202675	0.0321011
3	9.5	0.00227031	0.0298873
3.5	9.5	0.00243529	0.0274691
4	9.5	0.00252473	0.0249274
4.5	9.5	0.00254603	0.0223369
5	9.5	0.00250985	0.0197626
5.5	9.5	0.0024289	0.0172566
6	9.5	0.0023167	0.0148573
6.5	9.5	0.00218659	0.0125887
7	9.5	0.00205099	0.0104618
7.5	9.5	0.00192082	0.00847533
8	9.5	0.00180528	0.00661792
8.5	9.5	0.00171174	0.00486993
9	9.5	0.00164578	0.00320526
9.5	9.5	0.00161125	0.00159318
