-10	-10	0
-9.5	-10	0
-9	-10	0
-8.5	-10	0
-8	-10	0
-7.5	-10	0
-7	-10	0
-6.5	-10	0
-6	-10	0
-5.5	-10	0
-5	-10	0
-4.5	-10	0
-4	-10	0
-3.5	-10	0
-3	-10	0
-2.5	-10	0
-2	-10	0
-1.5	-10	0
-1	-10	0
-0.5	-10	0
0	-10	0
0.5	-10	0
1	-10	0
1.5	-10	0
2	-10	0
2.5	-10	0
3	-10	0
3.5	-10	0
4	-10	0
4.5	-10	0
5	-10	0
5.5	-10	0
6	-10	0
6.5	-10	0
7	-10	0
7.5	-10	0
8	-10	0
8.5	-10	0
9	-10	0
9.5	-10	0
10	-10	0
-10	-9.5	0
-9.5	-9.5	-0.000478889
-9	-9.5	-0.000985513
-8.5	-9.5	-0.0015357
-8	-9.5	-0.00214411
-7.5	-9.5	-0.0028235
-7	-9.5	-0.00358378
-6.5	-9.5	-0.00443116
-6	-9.5	-0.00536709
-5.5	-9.5	-0.0063874
-5	-9.5	-0.00748151
-4.5	-9.5	-0.00863197
-4	-9.5	-0.0098145
-3.5	-9.5	-0.0109985
-3	-9.5	-0.0121484
-2.5	-9.5	-0.0132254
-2	-9.5	-0.0141897
-1.5	-9.5	-0.0150035
-1	-9.5	-0.0156335
-0.5	-9.5	-0.0160534
0	-9.5	-0.0162456
0.5	-9.5	-0.0162031
1	-9.5	-0.0159294
1.5	-9.5	-0.0154382
2	-9.5	-0.0147526
2.5	-9.5	-0.0139028
3	-9.5	-0.0129243
3.5	-9.5	-0.0118544
4	-9.5	-0.0107304
4.5	-9.5	-0.00958685
5	-9.5	-0.0084537
5.5	-9.5	-0.00735504
6	-9.5	-0.0063085
6.5	-9.5	-0.00532507
7	-9.5	-0.00440948
7.5	-9.5	-0.00356081
8	-9.5	-0.00277332
8.5	-9.5	-0.00203731
9	-9.5	-0.00134
9.5	-9.5	-0.000666384
10	-9.5	0
-10	-9	0
-9.5	-9	-0.000975556
-9	-9	-0.00200714
-8.5	-9	-0.00312723
-8	-9	-0.00436597
-7.5	-9	-0.00574967
-7	-9	-0.007299
-6.5	-9	-0.00902708
-6	-9	-0.0109374
-5.5	-9	-0.0130221
-5	-9	-0.0152598
-4.5	-9	-0.0176154
-4	-9	-0.020039
-3.5	-9	-0.0224679
-3	-9	-0.0248286
-2.5	-9	-0.0270406
-2	-9	-0.0290216
-1.5	-9	-0.0306929
-1	-9	-0.0319853
-0.5	-9	-0.032844
0	-9	-0.0332331
0.5	-9	-0.0331377
1	-9	-0.0325655
1.5	-9	-0.0315455
2	-9	-0.0301259
2.5	-9	-0.0283701
3	-9	-0.0263516
3.5	-9	-0.0241486
4	-9	-0.0218384
4.5	-9	-0.0194921
5	-9	-0.0171715
5.5	-9	-0.0149256
6	-9	-0.0127902
6.5	-9	-0.0107871
7	-9	-0.0089254
7.5	-9	-0.00720251
8	-9	-0.00560618
8.5	-9	-0.00411618
9	-9	-0.00270617
9.5	-9	-0.00134533
10	-9	0
-10	-8.5	0
-9.5	-8.5	-0.00149478
-9	-8.5	-0.00307495
-8.5	-8.5	-0.00479117
-8	-8.5	-0.0066907
-7.5	-8.5	-0.00881507
-7	-8.5	-0.0111974
-6.5	-8.5	-0.0138593
-6	-8.5	-0.0168079
-5.5	-8.5	-0.0200322
-5	-8.5	-0.023501
-4.5	-8.5	-0.0271601
-4	-8.5	-0.0309327
-3.5	-8.5	-0.0347205
-3	-8.5	-0.0384076
-2.5	-8.5	-0.0418662
-2	-8.5	-0.0449654
-1.5	-8.5	-0.0475796
-1	-8.5	-0.0495982
-0.5	-8.5	-0.050934
0	-8.5	-0.0515297
0.5	-8.5	-0.0513622
1	-8.5	-0.0504443
1.5	-8.5	-0.0488232
2	-8.5	-0.0465766
2.5	-8.5	-0.0438066
3	-8.5	-0.0406314
3.5	-8.5	-0.0371758
4	-8.5	-0.0335626
4.5	-8.5	-0.0299046
5	-8.5	-0.026298
5.5	-8.5	-0.0228189
6	-8.5	-0.0195217
6.5	-8.5	-0.0164386
7	-8.5	-0.013582
7.5	-8.5	-0.0109461
8	-8.5	-0.00851051
8.5	-8.5	-0.00624275
9	-8.5	-0.0041012
9.5	-8.5	-0.00203773
10	-8.5	0
-10	-8	0
-9.5	-8	-0.00203861
-9	-8	-0.00419347
-8.5	-8	-0.00653567
-8	-8	-0.00913194
-7.5	-8	-0.0120416
-7	-8	-0.0153128
-6.5	-8	-0.0189785
-6	-8	-0.0230516
-5.5	-8	-0.0275205
-5	-8	-0.0323442
-4.5	-8	-0.0374495
-4	-8	-0.04273
-3.5	-8	-0.0480468
-3	-8	-0.0532346
-2.5	-8	-0.05811
-2	-8	-0.0624831
-1.5	-8	-0.0661719
-1	-8	-0.0690158
-0.5	-8	-0.0708882
0	-8	-0.0717065
0.5	-8	-0.0714381
1	-8	-0.0701025
1.5	-8	-0.0677697
2	-8	-0.0645539
2.5	-8	-0.0606051
3	-8	-0.0560956
3.5	-8	-0.0512073
4	-8	-0.0461174
4.5	-8	-0.0409869
5	-8	-0.0359515
5.5	-8	-0.0311169
6	-8	-0.0265562
6.5	-8	-0.0223113
7	-8	-0.0183957
7.5	-8	-0.0147981
8	-8	-0.0114869
8.5	-8	-0.00841472
9	-8	-0.00552229
9.5	-8	-0.00274176
10	-8	0
-10	-7.5	0
-9.5	-7.5	-0.00260529
-9	-7.5	-0.00535946
-8.5	-7.5	-0.00835692
-8	-7.5	-0.011687
-7.5	-7.5	-0.0154301
-7	-7.5	-0.0196534
-6.5	-7.5	-0.024405
-6	-7.5	-0.0297077
-5.5	-7.5	-0.0355519
-5	-7.5	-0.0418897
-4.5	-7.5	-0.0486285
-4	-7.5	-0.055629
-3.5	-7.5	-0.0627062
-3	-7.5	-0.0696352
-2.5	-7.5	-0.0761639
-2	-7.5	-0.0820295
-1.5	-7.5	-0.0869787
-1	-7.5	-0.0907881
-0.5	-7.5	-0.093282
0	-7.5	-0.0943466
0.5	-7.5	-0.0939376
1	-7.5	-0.0920839
1.5	-7.5	-0.0888845
2	-7.5	-0.0845007
2.5	-7.5	-0.079143
3	-7.5	-0.0730533
3.5	-7.5	-0.0664847
4	-7.5	-0.0596819
4.5	-7.5	-0.0528639
5	-7.5	-0.0462123
5.5	-7.5	-0.0398647
6	-7.5	-0.0339133
6.5	-7.5	-0.0284074
7	-7.5	-0.023358
7.5	-7.5	-0.0187443
8	-7.5	-0.0145197
8.5	-7.5	-0.0106181
9	-7.5	-0.00695899
9.5	-7.5	-0.00345184
10	-7.5	0
-10	-7	0
-9.5	-7	-0.00318818
-9	-7	-0.00655982
-8.5	-7	-0.0102359
-8	-7	-0.0143321
-7.5	-7	-0.0189545
-7	-7	-0.0241939
-6.5	-7	-0.0301192
-6	-7	-0.0367688
-5.5	-7	-0.044141
-5	-7	-0.0521843
-4.5	-7	-0.0607885
-4	-7	-0.069779
-3.5	-7	-0.0789164
-3	-7	-0.0879036
-2.5	-7	-0.0964018
-2	-7	-0.104054
-1.5	-7	-0.110515
-1	-7	-0.115481
-0.5	-7	-0.118712
0	-7	-0.120056
0.5	-7	-0.119455
1	-7	-0.116948
1.5	-7	-0.112674
2	-7	-0.106855
2.5	-7	-0.0997808
3	-7	-0.0917836
3.5	-7	-0.0832092
4	-7	-0.0743875
4.5	-7	-0.065609
5	-7	-0.0571085
5.5	-7	-0.0490583
6	-7	-0.041568
6.5	-7	-0.03469
7	-7	-0.0284276
7.5	-7	-0.0227444
8	-7	-0.0175732
8.5	-7	-0.0128242
9	-7	-0.00839133
9.5	-7	-0.00415771
10	-7	0
-10	-6.5	0
-9.5	-6.5	-0.00377499
-9	-6.5	-0.00776981
-8.5	-6.5	-0.0121356
-8	-6.5	-0.0170185
-7.5	-6.5	-0.0225553
-7	-6.5	-0.028867
-6.5	-6.5	-0.0360509
-6	-6.5	-0.0441691
-5.5	-6.5	-0.0532363
-5	-6.5	-0.0632047
-4.5	-6.5	-0.0739506
-4	-6.5	-0.0852631
-3.5	-6.5	-0.0968399
-3	-6.5	-0.108295
-2.5	-6.5	-0.119176
-2	-6.5	-0.129005
-1.5	-6.5	-0.137313
-1	-6.5	-0.143689
-0.5	-6.5	-0.147813
0	-6.5	-0.149481
0.5	-6.5	-0.14862
1	-6.5	-0.145285
1.5	-6.5	-0.139663
2	-6.5	-0.132056
2.5	-6.5	-0.12286
3	-6.5	-0.112528
3.5	-6.5	-0.101529
4	-6.5	-0.0903022
4.5	-6.5	-0.0792272
5	-6.5	-0.0686006
5.5	-6.5	-0.0586301
6	-6.5	-0.0494384
6.5	-6.5	-0.0410738
7	-6.5	-0.0335232
7.5	-6.5	-0.0267263
8	-6.5	-0.0205876
8.5	-6.5	-0.0149872
9	-6.5	-0.00978832
9.5	-6.5	-0.00484375
10	-6.5	0
-10	-6	0
-9.5	-6	-0.00434721
-9	-6	-0.00895193
-8.5	-6	-0.0139988
-8	-6	-0.0196688
-7.5	-6	-0.0261352
-7	-6	-0.0335571
-6.5	-6	-0.0420696
-6	-6	-0.0517705
-5.5	-6	-0.0627034
-5	-6	-0.0748371
-4.5	-6	-0.0880433
-4	-6	-0.102077
-3.5	-6	-0.116566
-3	-6	-0.131012
-2.5	-6	-0.144818
-2	-6	-0.157336
-1.5	-6	-0.167932
-1	-6	-0.176053
-0.5	-6	-0.181274
0	-6	-0.183329
0.5	-6	-0.182122
1	-6	-0.177731
1.5	-6	-0.170404
2	-6	-0.160548
2.5	-6	-0.148701
3	-6	-0.13548
3.5	-6	-0.121521
4	-6	-0.107409
4.5	-6	-0.0936339
5	-6	-0.0805611
5.5	-6	-0.0684321
6	-6	-0.0573731
6.5	-6	-0.0474155
7	-6	-0.0385171
7.5	-6	-0.0305818
8	-6	-0.0234761
8.5	-6	-0.0170422
9	-6	-0.0111071
9.5	-6	-0.0054886
10	-6	0
-10	-5.5	0
-9.5	-5.5	-0.00488006
-9	-5.5	-0.0100556
-8.5	-5.5	-0.0157474
-8	-5.5	-0.0221754
-7.5	-5.5	-0.0295556
-7	-5.5	-0.0380935
-6.5	-5.5	-0.0479746
-6	-5.5	-0.059348
-5.5	-5.5	-0.0723054
-5	-5.5	-0.086852
-4.5	-5.5	-0.102874
-4	-5.5	-0.120102
-3.5	-5.5	-0.138087
-3	-5.5	-0.156195
-2.5	-5.5	-0.173632
-2	-5.5	-0.189517
-1.5	-5.5	-0.202985
-1	-5.5	-0.21329
-0.5	-5.5	-0.219874
0	-5.5	-0.222396
0.5	-5.5	-0.220738
1	-5.5	-0.215001
1.5	-5.5	-0.205507
2	-5.5	-0.192798
2.5	-5.5	-0.177603
3	-5.5	-0.160772
3.5	-5.5	-0.14317
4	-5.5	-0.12558
4.5	-5.5	-0.108627
5	-5.5	-0.0927514
5.5	-5.5	-0.0782176
6	-5.5	-0.0651374
6.5	-5.5	-0.053505
7	-5.5	-0.0432297
7.5	-5.5	-0.0341639
8	-5.5	-0.026124
8.5	-5.5	-0.0189055
9	-5.5	-0.0122928
9.5	-5.5	-0.00606521
10	-5.5	0
-10	-5	0
-9.5	-5	-0.00534296
-9	-5	-0.011018
-8.5	-5	-0.0172835
-8	-5	-0.0244013
-7.5	-5	-0.0326353
-7	-5	-0.0422474
-6.5	-5	-0.0534874
-6	-5	-0.0665764
-5.5	-5	-0.0816806
-5	-5	-0.0988739
-4.5	-5	-0.118088
-4	-5	-0.139057
-3.5	-5	-0.16126
-3	-5	-0.183894
-2.5	-5	-0.205899
-2	-5	-0.226058
-1.5	-5	-0.243171
-1	-5	-0.25623
-0.5	-5	-0.264516
0	-5	-0.26761
0.5	-5	-0.265371
1	-5	-0.257922
1.5	-5	-0.245668
2	-5	-0.229311
2.5	-5	-0.209843
3	-5	-0.188448
3.5	-5	-0.166328
4	-5	-0.144531
4.5	-5	-0.123848
5	-5	-0.104791
5.5	-5	-0.08762
6	-5	-0.0724007
6.5	-5	-0.0590581
7	-5	-0.0474266
7.5	-5	-0.0372864
8	-5	-0.0283894
8.5	-5	-0.0204751
9	-5	-0.0132799
9.5	-5	-0.00654151
10	-5	0
-10	-4.5	0
-9.5	-4.5	-0.00570086
-9	-4.5	-0.0117667
-8.5	-4.5	-0.0184925
-8	-4.5	-0.026183
-7.5	-4.5	-0.0351541
-7	-4.5	-0.0457325
-6.5	-4.5	-0.0582479
-6	-4.5	-0.0730181
-5.5	-4.5	-0.09032
-5	-4.5	-0.110343
-4.5	-4.5	-0.133122
-4	-4.5	-0.158444
-3.5	-4.5	-0.185745
-3	-4.5	-0.214032
-2.5	-4.5	-0.241873
-2	-4.5	-0.267544
-1.5	-4.5	-0.289333
-1	-4.5	-0.305877
-0.5	-4.5	-0.316281
0	-4.5	-0.320072
0.5	-4.5	-0.317099
1	-4.5	-0.307499
1.5	-4.5	-0.29173
2	-4.5	-0.270673
2.5	-4.5	-0.245675
3	-4.5	-0.218434
3.5	-4.5	-0.190658
4	-4.5	-0.163764
4.5	-4.5	-0.138734
5	-4.5	-0.11612
5.5	-4.5	-0.0961297
6	-4.5	-0.0787246
6.5	-4.5	-0.0637136
7	-4.5	-0.05082
7.5	-4.5	-0.0397273
8	-4.5	-0.0301074
8.5	-4.5	-0.0216351
9	-4.5	-0.0139948
9.5	-4.5	-0.00688181
10	-4.5	0
-10	-4	0
-9.5	-4	-0.00591643
-9	-4	-0.0122239
-8.5	-4	-0.0192499
-8	-4	-0.0273394
-7.5	-4	-0.0368612
-7	-4	-0.0482127
-6.5	-4	-0.0618179
-6	-4	-0.0781181
-5.5	-4	-0.0975455
-5	-4	-0.120473
-4.5	-4	-0.147126
-4	-4	-0.177448
-3.5	-4	-0.210913
-3	-4	-0.246341
-2.5	-4	-0.281786
-2	-4	-0.31471
-1.5	-4	-0.342558
-1	-4	-0.363486
-0.5	-4	-0.376479
0	-4	-0.381101
0.5	-4	-0.377236
1	-4	-0.364987
1.5	-4	-0.344781
2	-4	-0.317621
2.5	-4	-0.285336
3	-4	-0.250467
3.5	-4	-0.215535
4	-4	-0.18247
4.5	-4	-0.15244
5	-4	-0.125958
5.5	-4	-0.103074
6	-4	-0.0835585
6.5	-4	-0.0670368
7	-4	-0.0530767
7.5	-4	-0.041238
8	-4	-0.0310983
8.5	-4	-0.0222618
9	-4	-0.0143603
9.5	-4	-0.00704908
10	-4	0
-10	-3.5	0
-9.5	-3.5	-0.00595328
-9	-3.5	-0.0123129
-8.5	-3.5	-0.0194307
-8	-3.5	-0.0276846
-7.5	-3.5	-0.0374918
-7	-3.5	-0.04932
-6.5	-3.5	-0.0636967
-6	-3.5	-0.0812107
-5.5	-3.5	-0.102499
-5	-3.5	-0.128203
-4.5	-3.5	-0.158874
-4	-3.5	-0.194791
-3.5	-3.5	-0.235664
-3	-3.5	-0.280222
-2.5	-3.5	-0.325841
-2	-3.5	-0.368596
-1.5	-3.5	-0.404356
-1	-3.5	-0.430687
-0.5	-3.5	-0.4467
0	-3.5	-0.452256
0.5	-3.5	-0.447371
1	-3.5	-0.432021
1.5	-3.5	-0.406337
2	-3.5	-0.371201
2.5	-3.5	-0.329035
3	-3.5	-0.283956
3.5	-3.5	-0.23987
4	-3.5	-0.199384
4.5	-3.5	-0.163752
5	-3.5	-0.133255
5.5	-3.5	-0.107605
6	-3.5	-0.0862461
6.5	-3.5	-0.0685352
7	-3.5	-0.0538355
7.5	-3.5	-0.0415594
8	-3.5	-0.0311809
8.5	-3.5	-0.0222339
9	-3.5	-0.0143022
9.5	-3.5	-0.00700818
10	-3.5	0
-10	-3	0
-9.5	-3	-0.00577999
-9	-3	-0.0119668
-8.5	-3	-0.0189233
-8	-3	-0.0270474
-7.5	-3	-0.0367918
-7	-3	-0.0486852
-6.5	-3	-0.0633552
-6	-3	-0.0815502
-5.5	-3	-0.104152
-5	-3	-0.132166
-4.5	-3	-0.166649
-4	-3	-0.208512
-3.5	-3	-0.258106
-3	-3	-0.314452
-2.5	-3	-0.374187
-2	-3	-0.430914
-1.5	-3	-0.477024
-1	-3	-0.509643
-0.5	-3	-0.52881
0	-3	-0.535271
0.5	-3	-0.529374
1	-3	-0.510767
1.5	-3	-0.478701
2	-3	-0.433136
2.5	-3	-0.376935
3	-3	-0.317694
3.5	-3	-0.261789
4	-3	-0.212561
4.5	-3	-0.170972
5	-3	-0.136662
5.5	-3	-0.10871
6	-3	-0.0860556
6.5	-3	-0.0676923
7	-3	-0.0527384
7.5	-3	-0.0404468
8	-3	-0.0301916
8.5	-3	-0.0214457
9	-3	-0.0137575
9.5	-3	-0.00672984
10	-3	0
-10	-2.5	0
-9.5	-2.5	-0.00537474
-9	-2.5	-0.0111379
-8.5	-2.5	-0.0176453
-8	-2.5	-0.0252949
-7.5	-2.5	-0.0345529
-7	-2.5	-0.045985
-6.5	-2.5	-0.060296
-6	-2.5	-0.0783788
-5.5	-2.5	-0.101371
-5	-2.5	-0.130709
-4.5	-2.5	-0.168147
-4	-2.5	-0.215652
-3.5	-2.5	-0.274974
-3	-2.5	-0.346482
-2.5	-2.5	-0.426734
-2	-2.5	-0.505037
-1.5	-2.5	-0.564361
-1	-2.5	-0.603225
-0.5	-2.5	-0.62479
0	-2.5	-0.631798
0.5	-2.5	-0.625229
1	-2.5	-0.604103
1.5	-2.5	-0.565681
2	-2.5	-0.506806
2.5	-2.5	-0.42896
3	-2.5	-0.349153
3.5	-2.5	-0.278049
4	-2.5	-0.219067
4.5	-2.5	-0.171819
5	-2.5	-0.134546
5.5	-2.5	-0.105275
6	-2.5	-0.0822475
6.5	-2.5	-0.064027
7	-2.5	-0.0494764
7.5	-2.5	-0.0377045
8	-2.5	-0.028008
8.5	-2.5	-0.019823
9	-2.5	-0.0126845
9.5	-2.5	-0.00619525
10	-2.5	0
-10	-2	0
-9.5	-2	-0.0047299
-9	-2	-0.00980807
-8.5	-2	-0.0155609
-8	-2	-0.0223603
-7.5	-2	-0.030654
-7	-2	-0.0410042
-6.5	-2	-0.0541428
-6	-2	-0.0710488
-5.5	-2	-0.0930588
-5	-2	-0.122021
-4.5	-2	-0.16049
-4	-2	-0.211915
-3.5	-2	-0.280604
-3	-2	-0.370711
-2.5	-2	-0.48215
-2	-2	-0.599035
-1.5	-2	-0.673038
-1	-2	-0.714972
-0.5	-2	-0.736188
0	-2	-0.742754
0.5	-2	-0.736488
1	-2	-0.715575
1.5	-2	-0.673954
2	-2	-0.600291
2.5	-2	-0.483799
3	-2	-0.372759
3.5	-2	-0.283017
4	-2	-0.214634
4.5	-2	-0.163441
5	-2	-0.125122
5.5	-2	-0.0962256
6	-2	-0.0741948
6.5	-2	-0.0571819
7	-2	-0.0438515
7.5	-2	-0.0332263
8	-2	-0.0245761
8.5	-2	-0.0173401
9	-2	-0.0110719
9.5	-2	-0.00540051
10	-2	0
-10	-1.5	0
-9.5	-1.5	-0.00385575
-9	-1.5	-0.00799678
-8.5	-1.5	-0.0126958
-8	-1.5	-0.0182687
-7.5	-1.5	-0.0251044
-7	-1.5	-0.0337064
-6.5	-1.5	-0.0447549
-6	-1.5	-0.0592033
-5.5	-1.5	-0.078432
-5	-1.5	-0.104503
-4.5	-1.5	-0.14058
-4	-1.5	-0.191631
-3.5	-1.5	-0.265524
-3	-1.5	-0.374286
-2.5	-1.5	-0.532748
-2	-1.5	-0.73648
-1.5	-1.5	-0.814327
-1	-1.5	-0.847971
-0.5	-1.5	-0.862761
0	-1.5	-0.867063
0.5	-1.5	-0.862913
1	-1.5	-0.848278
1.5	-1.5	-0.814801
2	-1.5	-0.737163
2.5	-1.5	-0.533792
3	-1.5	-0.375697
3.5	-1.5	-0.267257
4	-1.5	-0.193625
4.5	-1.5	-0.142768
5	-1.5	-0.106816
5.5	-1.5	-0.0808023
6	-1.5	-0.0615626
6.5	-1.5	-0.0470368
7	-1.5	-0.0358458
7.5	-1.5	-0.0270381
8	-1.5	-0.0199349
8.5	-1.5	-0.0140339
9	-1.5	-0.00894742
9.5	-1.5	-0.00436016
10	-1.5	0
-10	-1	0
-9.5	-1	-0.00278234
-9	-1	-0.00576591
-8.5	-1	-0.00914648
-8	-1	-0.0131539
-7.5	-1	-0.0180762
-7	-1	-0.0242957
-6.5	-1	-0.0323437
-6	-1	-0.0429923
-5.5	-1	-0.0574112
-5	-1	-0.0774513
-4.5	-1	-0.106183
-4	-1	-0.148994
-3.5	-1	-0.216042
-3	-1	-0.328575
-2.5	-1	-0.538395
-2	-1	-1
-1.5	-1	-1
-1	-1	-1
-0.5	-1	-1
0	-1	-1
0.5	-1	-1
1	-1	-1
1.5	-1	-1
2	-1	-1
2.5	-1	-0.538875
3	-1	-0.329396
3.5	-1	-0.217121
4	-1	-0.150266
4.5	-1	-0.107594
5	-1	-0.0789491
5.5	-1	-0.0589485
6	-1	-0.0445231
6.5	-1	-0.0338241
7	-1	-0.0256832
7.5	-1	-0.0193299
8	-1	-0.0142336
8.5	-1	-0.0100133
9	-1	-0.00638154
9.5	-1	-0.00310889
10	-1	0
-10	-0.5	0
-9.5	-0.5	-0.00155874
-9	-0.5	-0.00321841
-8.5	-0.5	-0.00507943
-8	-0.5	-0.00726101
-7.5	-0.5	-0.00991488
-7	-0.5	-0.0132459
-6.5	-0.5	-0.0175452
-6	-0.5	-0.0232459
-5.5	-0.5	-0.0310223
-5	-0.5	-0.0419743
-4.5	-0.5	-0.0579804
-4	-0.5	-0.0823872
-3.5	-0.5	-0.121318
-3	-0.5	-0.185763
-2.5	-0.5	-0.292302
-2	-0.5	-0.444448
-1.5	-0.5	-0.485161
-1	-0.5	-0.496032
-0.5	-0.5	-0.498883
0	-0.5	-0.499451
0.5	-0.5	-0.498883
1	-0.5	-0.496034
1.5	-0.5	-0.485169
2	-0.5	-0.444488
2.5	-0.5	-0.292503
3	-0.5	-0.186122
3.5	-0.5	-0.121802
4	-0.5	-0.0829625
4.5	-0.5	-0.0586177
5	-0.5	-0.0426481
5.5	-0.5	-0.0317099
6	-0.5	-0.0239267
6.5	-0.5	-0.0182002
7	-0.5	-0.013857
7.5	-0.5	-0.0104648
8	-0.5	-0.00773317
8.5	-0.5	-0.00545753
9	-0.5	-0.00348638
9.5	-0.5	-0.00170065
10	-0.5	0
-10	0	0
-9.5	0	-0.000249194
-9	0	-0.000490291
-8.5	0	-0.000718195
-8	0	-0.000927724
-7.5	0	-0.0011136
-7	0	-0.00127051
-6.5	0	-0.00139313
-6	0	-0.00147623
-5.5	0	-0.00151475
-5	0	-0.00150386
-4.5	0	-0.00143906
-4	0	-0.00131639
-3.5	0	-0.00113321
-3	0	-0.000891086
-2.5	0	-0.000604627
-2	0	-0.000324261
-1.5	0	-0.000163428
-1	0	-8.29348e-05
-0.5	0	-4.70102e-05
0	0	-3.70418e-05
0.5	0	-4.74232e-05
1	0	-8.32556e-05
1.5	0	-0.000162015
2	0	-0.000316775
2.5	0	-0.000581922
3	0	-0.000845693
3.5	0	-0.00106123
4	0	-0.00121713
4.5	0	-0.00131439
5	0	-0.0013576
5.5	0	-0.00135221
6	0	-0.00130375
6.5	0	-0.00121766
7	0	-0.00109931
7.5	0	-0.000953969
8	0	-0.000786794
8.5	0	-0.000602869
9	0	-0.000407177
9.5	0	-0.000204617
10	0	0
-10	0.5	0
-9.5	0.5	0.00107332
-9	0.5	0.00226343
-8.5	0.5	0.00368081
-8	0.5	0.00545483
-7.5	0.5	0.00774758
-7	0.5	0.0107743
-6.5	0.5	0.0148364
-6	0.5	0.0203771
-5.5	0.5	0.0280803
-5	0.5	0.0390549
-4.5	0.5	0.0551877
-4	0.5	0.0798328
-3.5	0.5	0.11912
-3	0.5	0.184042
-2.5	0.5	0.291168
-2	0.5	0.44394
-1.5	0.5	0.484922
-1	0.5	0.495914
-0.5	0.5	0.498816
0	0.5	0.499399
0.5	0.5	0.498816
1	0.5	0.495915
1.5	0.5	0.484932
2	0.5	0.443991
2.5	0.5	0.291411
3	0.5	0.184487
3.5	0.5	0.119741
4	0.5	0.0805977
4.5	0.5	0.0560636
5	0.5	0.040009
5.5	0.5	0.0290799
6	0.5	0.0213894
6.5	0.5	0.0158291
7	0.5	0.0117152
7.5	0.5	0.00860538
8	0.5	0.00619899
8.5	0.5	0.00428162
9	0.5	0.00269198
9.5	0.5	0.00130138
10	0.5	0
-10	1	0
-9.5	1	0.00233524
-9	1	0.00488657
-8.5	1	0.00785942
-8	1	0.0114933
-7.5	1	0.0160861
-7	1	0.0220295
-6.5	1	0.0298645
-6	1	0.040372
-5.5	1	0.0547298
-5	1	0.074796
-4.5	1	0.103647
-4	1	0.146677
-3.5	1	0.214047
-3	1	0.327021
-2.5	1	0.537443
-2	1	1
-1.5	1	1
-1	1	1
-0.5	1	1
0	1	1
0.5	1	1
1	1	1
1.5	1	1
2	1	1
2.5	1	0.537955
3	1	0.327914
3.5	1	0.215242
4	1	0.148111
4.5	1	0.105264
5	1	0.0765376
5.5	1	0.0565402
6	1	0.0421947
6.5	1	0.0316437
7	1	0.0237101
7.5	1	0.0176141
8	1	0.0128161
8.5	1	0.00892568
9	1	0.00564618
9.5	1	0.0027391
10	1	0
-10	1.5	0
-9.5	1.5	0.00347048
-9	1.5	0.00723956
-8.5	1.5	0.011589
-8	1.5	0.0168435
-7.5	1.5	0.023401
-7	1.5	0.0317734
-6.5	1.5	0.042649
-6	1.5	0.0569882
-5.5	1.5	0.0761779
-5	1.5	0.102284
-4.5	1.5	0.138474
-4	1.5	0.189717
-3.5	1.5	0.263878
-3	1.5	0.372981
-2.5	1.5	0.531846
-2	1.5	0.735999
-1.5	1.5	0.814014
-1	1.5	0.847733
-0.5	1.5	0.862557
0	1.5	0.866869
0.5	1.5	0.862708
1	1.5	0.848038
1.5	1.5	0.814487
2	1.5	0.736686
2.5	1.5	0.53291
3	1.5	0.374438
3.5	1.5	0.265691
4	1.5	0.191827
4.5	1.5	0.140814
5	1.5	0.104781
5.5	1.5	0.0787582
6	1.5	0.0595754
6.5	1.5	0.045167
7	1.5	0.0341467
7.5	1.5	0.0255554
8	1.5	0.0187064
8.5	1.5	0.0130892
9	1.5	0.00830767
9.5	1.5	0.0040381
10	1.5	0
-10	2	0
-9.5	2	0.00442703
-9	2	0.0092137
-8.5	2	0.0146946
-8	2	0.0212498
-7.5	2	0.0293345
-7	2	0.0395182
-6.5	2	0.0525392
-6	2	0.0693817
-5.5	2	0.0913864
-5	2	0.120403
-4.5	2	0.158986
-4	2	0.210583
-3.5	2	0.279492
-3	2	0.369857
-2.5	2	0.48157
-2	2	0.598704
-1.5	2	0.672865
-1	2	0.714891
-0.5	2	0.736152
0	2	0.74273
0.5	2	0.736446
1	2	0.715481
1.5	2	0.673764
2	2	0.599942
2.5	2	0.483207
3	2	0.371907
3.5	2	0.281929
4	2	0.213351
4.5	2	0.162013
5	2	0.123607
5.5	2	0.0946782
6	2	0.07267
6.5	2	0.0557311
7	2	0.0425211
7.5	2	0.0320567
8	2	0.0236013
8.5	2	0.016587
9	2	0.0105603
9.5	2	0.0051424
10	2	0
-10	2.5	0
-9.5	2.5	0.00517088
-9	2.5	0.0107394
-8.5	2.5	0.0170685
-8	2.5	0.0245635
-7.5	2.5	0.0336968
-7	2.5	0.0450401
-6.5	2.5	0.0593027
-6	2.5	0.0773809
-5.5	2.5	0.100414
-5	2.5	0.129838
-4.5	2.5	0.167406
-4	2.5	0.215077
-3.5	2.5	0.274593
-3	2.5	0.346311
-2.5	2.5	0.426769
-2	2.5	0.505254
-1.5	2.5	0.564711
-1	2.5	0.60366
-0.5	2.5	0.62527
0	2.5	0.632287
0.5	2.5	0.625692
1	2.5	0.604505
1.5	2.5	0.565983
2	2.5	0.506964
2.5	2.5	0.428932
3	2.5	0.348921
3.5	2.5	0.277617
4	2.5	0.218455
4.5	2.5	0.17106
5	2.5	0.133678
5.5	2.5	0.10434
6	2.5	0.0812896
6.5	2.5	0.0630875
7	2.5	0.0485944
7.5	2.5	0.0369148
8	2.5	0.0273407
8.5	2.5	0.019302
9	2.5	0.0123279
9.5	2.5	0.00601449
10	2.5	0
-10	3	0
-9.5	3	0.00568696
-9	3	0.0117876
-8.5	3	0.0186712
-8	3	0.0267418
-7.5	3	0.0364574
-7	3	0.0483509
-6.5	3	0.0630532
-6	3	0.0813141
-5.5	3	0.104016
-5	3	0.132161
-4.5	3	0.166803
-4	3	0.208846
-3.5	3	0.258632
-3	3	0.315169
-2.5	3	0.375085
-2	3	0.431966
-1.5	3	0.478193
-1	3	0.510891
-0.5	3	0.530097
0	3	0.53656
0.5	3	0.530629
1	3	0.511952
1.5	3	0.479781
2	3	0.434074
2.5	3	0.377703
3	3	0.318272
3.5	3	0.262173
4	3	0.212758
4.5	3	0.171
5	3	0.136547
5.5	3	0.108481
6	3	0.0857457
6.5	3	0.0673348
7	3	0.0523653
7.5	3	0.0400874
8	3	0.0298718
8.5	3	0.0211868
9	3	0.0135759
9.5	3	0.00663639
10	3	0
-10	3.5	0
-9.5	3.5	0.00597744
-9	3.5	0.0123659
-8.5	3.5	0.0195227
-8	3.5	0.0278311
-7.5	3.5	0.0377121
-7	3.5	0.0496368
-6.5	3.5	0.0641343
-6	3.5	0.0817936
-5.5	3.5	0.10325
-5	3.5	0.129142
-4.5	3.5	0.160015
-4	3.5	0.196142
-3.5	3.5	0.237223
-3	3.5	0.28198
-2.5	3.5	0.327777
-2	3.5	0.370681
-1.5	3.5	0.406555
-1	3.5	0.432961
-0.5	3.5	0.449009
0	3.5	0.45456
0.5	3.5	0.449631
1	3.5	0.434199
1.5	3.5	0.408398
2	3.5	0.37311
2.5	3.5	0.330764
3	3.5	0.285485
3.5	3.5	0.241187
4	3.5	0.200488
4.5	3.5	0.164651
5	3.5	0.133963
5.5	3.5	0.108142
6	3.5	0.0866366
6.5	3.5	0.0688043
7	3.5	0.0540087
7.5	3.5	0.041661
8	3.5	0.0312331
8.5	3.5	0.0222552
9	3.5	0.0143076
9.5	3.5	0.007008
10	3.5	0
-10	4	0
-9.5	4	0.00605834
-9	4	0.0125103
-8.5	4	0.0196883
-8	4	0.0279415
-7.5	4	0.0376421
-7	4	0.0491891
-6.5	4	0.0630071
-6	4	0.0795364
-5.5	4	0.0992065
-5	4	0.122386
-4.5	4	0.149295
-4	4	0.179867
-3.5	4	0.213574
-3	4	0.249221
-2.5	4	0.284859
-2	4	0.317941
-1.5	4	0.345908
-1	4	0.366912
-0.5	4	0.379938
0	4	0.384548
0.5	4	0.380628
1	4	0.368282
1.5	4	0.34794
2	4	0.320608
2.5	4	0.28812
3	4	0.253024
3.5	4	0.217849
4	4	0.184532
4.5	4	0.154249
5	4	0.127521
5.5	4	0.104402
6	4	0.0846684
6.5	4	0.0679472
7	4	0.0538077
7.5	4	0.0418096
8	4	0.0315291
8.5	4	0.0225683
9	4	0.0145559
9.5	4	0.00714376
10	4	0
-10	4.5	0
-9.5	4.5	0.00595517
-9	4.5	0.0122761
-8.5	4.5	0.0192623
-8	4.5	0.0272217
-7.5	4.5	0.0364728
-7	4.5	0.0473431
-6.5	4.5	0.0601619
-6	4.5	0.0752448
-5.5	4.5	0.092865
-5	4.5	0.113207
-4.5	4.5	0.136299
-4	4.5	0.161921
-3.5	4.5	0.189502
-3	4.5	0.218041
-2.5	4.5	0.246098
-2	4.5	0.271944
-1.5	4.5	0.293863
-1	4.5	0.310489
-0.5	4.5	0.320925
0	4.5	0.324698
0.5	4.5	0.321659
1	4.5	0.311945
1.5	4.5	0.296018
2	4.5	0.274763
2.5	4.5	0.249533
3	4.5	0.222031
3.5	4.5	0.193971
4	4.5	0.166778
4.5	4.5	0.141442
5	4.5	0.118523
5.5	4.5	0.0982315
6	4.5	0.080536
6.5	4.5	0.0652479
7	4.5	0.0520927
7.5	4.5	0.0407547
8	4.5	0.0309052
8.5	4.5	0.0222177
9	4.5	0.0143745
9.5	4.5	0.00706833
10	4.5	0
-10	5	0
-9.5	5	0.00569857
-9	5	0.0117286
-8.5	5	0.0183524
-8	5	0.0258347
-7.5	5	0.0344411
-7	5	0.0444336
-6.5	5	0.0560605
-6	5	0.0695402
-5.5	5	0.0850344
-5	5	0.102611
-4.5	5	0.122196
-4	5	0.143514
-3.5	5	0.166038
-3	5	0.188958
-2.5	5	0.211207
-2	5	0.231562
-1.5	5	0.248819
-1	5	0.261968
-0.5	5	0.270288
0	5	0.273359
0.5	5	0.271042
1	5	0.263463
1.5	5	0.251029
2	5	0.234447
2.5	5	0.214714
3	5	0.19302
3.5	5	0.170575
4	5	0.148433
4.5	5	0.127392
5	5	0.10797
5.5	5	0.0904357
6	5	0.0748579
6.5	5	0.0611659
7	5	0.0491967
7.5	5	0.0387319
8	5	0.0295237
8.5	5	0.0213108
9	5	0.0138285
9.5	5	0.00681223
10	5	0
-10	5.5	0
-9.5	5.5	0.00532058
-9	5.5	0.010935
-8.5	5.5	0.0170676
-8	5.5	0.0239408
-7.5	5.5	0.0317714
-7	5.5	0.0407648
-6.5	5.5	0.0511041
-6	5.5	0.0629352
-5.5	5.5	0.0763446
-5	5.5	0.0913313
-4.5	5.5	0.107774
-4	5.5	0.125396
-3.5	5.5	0.143742
-3	5.5	0.162168
-2.5	5.5	0.179875
-2	5.5	0.195977
-1.5	5.5	0.209603
-1	5.5	0.220006
-0.5	5.5	0.226626
0	5.5	0.229122
0.5	5.5	0.227377
1	5.5	0.221495
1.5	5.5	0.211801
2	5.5	0.198842
2.5	5.5	0.183353
3	5.5	0.166189
3.5	5.5	0.148224
4	5.5	0.130246
4.5	5.5	0.112888
5	5.5	0.0965979
5.5	5.5	0.0816454
6	5.5	0.0681479
6.5	5.5	0.0561037
7	5.5	0.0454254
7.5	5.5	0.0359671
8	5.5	0.0275462
8.5	5.5	0.0199579
9	5.5	0.0129859
9.5	5.5	0.00640804
10	5.5	0
-10	6	0
-9.5	6	0.0048516
-9	6	0.00995843
-8.5	6	0.0155083
-8	6	0.0216843
-7.5	6	0.0286603
-7	6	0.0365945
-6.5	6	0.0456194
-6	6	0.055829
-5.5	6	0.0672613
-5	6	0.0798785
-4.5	6	0.0935451
-4	6	0.108008
-3.5	6	0.122888
-3	6	0.137678
-2.5	6	0.151775
-2	6	0.164526
-1.5	6	0.175293
-1	6	0.183519
-0.5	6	0.188778
0	6	0.190805
0.5	6	0.189505
1	6	0.184958
1.5	6	0.177416
2	6	0.167291
2.5	6	0.155127
3	6	0.141548
3.5	6	0.127196
4	6	0.112663
4.5	6	0.0984473
5	6	0.0849207
5.5	6	0.0723309
6	6	0.0608096
6.5	6	0.0503928
7	6	0.0410413
7.5	6	0.0326614
8	6	0.0251209
8.5	6	0.0182624
9	6	0.0119122
9.5	6	0.00588737
10	6	0
-10	6.5	0
-9.5	6.5	0.00431836
-9	6.5	0.00885399
-8.5	6.5	0.0137609
-8	6.5	0.0191869
-7.5	6.5	0.0252692
-7	6.5	0.0321277
-6.5	6.5	0.0398565
-6	6.5	0.0485139
-5.5	6.5	0.0581086
-5	6.5	0.0685863
-4.5	6.5	0.0798156
-4	6.5	0.0915779
-3.5	6.5	0.103563
-3	6.5	0.115377
-2.5	6.5	0.126564
-2	6.5	0.136635
-1.5	6.5	0.145121
-1	6.5	0.151607
-0.5	6.5	0.155772
0	6.5	0.157412
0.5	6.5	0.156453
1	6.5	0.152956
1.5	6.5	0.147111
2	6.5	0.139225
2.5	6.5	0.129699
3	6.5	0.118995
3.5	6.5	0.107585
4	6.5	0.0959199
4.5	6.5	0.0843837
5	6.5	0.0732805
5.5	6.5	0.0628245
6	6.5	0.0531437
6.5	6.5	0.0442909
7	6.5	0.0362565
7.5	6.5	0.0289826
8	6.5	0.0223754
8.5	6.5	0.0163153
9	6.5	0.0106657
9.5	6.5	0.00527872
10	6.5	0
-10	7	0
-9.5	7	0.00374277
-9	7	0.00766642
-8.5	7	0.0118945
-8	7	0.0165442
-7.5	7	0.0217216
-7	7	0.0275162
-6.5	7	0.033994
-6	7	0.041189
-5.5	7	0.0490939
-5	7	0.0576506
-4.5	7	0.0667415
-4	7	0.0761843
-3.5	7	0.085732
-3	7	0.0950803
-2.5	7	0.103884
-2	7	0.111781
-1.5	7	0.118421
-1	7	0.123497
-0.5	7	0.12677
0	7	0.128086
0.5	7	0.127388
1	7	0.124721
1.5	7	0.120224
2	7	0.114126
2.5	7	0.106723
3	7	0.0983522
3.5	7	0.0893677
4	7	0.0801059
4.5	7	0.0708644
5	7	0.0618845
5.5	7	0.0533447
6	7	0.04536
6.5	7	0.037987
7	7	0.0312326
7.5	7	0.0250629
8	7	0.0194124
8.5	7	0.0141919
9	7	0.0092956
9.5	7	0.00460626
10	7	0
-10	7.5	0
-9.5	7.5	0.00314143
-9	7.5	0.00642935
-8.5	7.5	0.00996045
-8	7.5	0.0138253
-7.5	7.5	0.0181042
-7	7.5	0.022863
-6.5	7.5	0.0281468
-6	7.5	0.0339743
-5.5	7.5	0.0403307
-5	7.5	0.0471615
-4.5	7.5	0.0543674
-4	7.5	0.0618019
-3.5	7.5	0.0692725
-3	7.5	0.0765478
-2.5	7.5	0.0833695
-2	7.5	0.0894697
-1.5	7.5	0.0945909
-1	7.5	0.0985072
-0.5	7.5	0.101042
0	7.5	0.10208
0.5	7.5	0.10158
1	7.5	0.099573
1.5	7.5	0.0961615
2	7.5	0.0915118
2.5	7.5	0.0858398
3	7.5	0.0793938
3.5	7.5	0.0724332
4	7.5	0.0652094
4.5	7.5	0.0579479
5	7.5	0.0508366
5.5	7.5	0.0440189
6	7.5	0.0375918
6.5	7.5	0.0316087
7	7.5	0.0260842
7.5	7.5	0.0209996
8	7.5	0.0163102
8.5	7.5	0.0119505
9	7.5	0.00784042
9.5	7.5	0.00388924
10	7.5	0
-10	8	0
-9.5	8	0.00252572
-9	8	0.00516562
-8.5	8	0.00799276
-8	8	0.0110749
-7.5	8	0.0144711
-7	8	0.0182283
-6.5	8	0.0223768
-6	8	0.0269258
-5.5	8	0.0318586
-5	8	0.0371288
-4.5	8	0.0426571
-4	8	0.0483303
-3.5	8	0.0540033
-3	8	0.0595046
-2.5	8	0.0646452
-2	8	0.0692309
-1.5	8	0.0730758
-1	8	0.076017
-0.5	8	0.0779267
0	8	0.0787223
0.5	8	0.0783724
1	8	0.076899
1.5	8	0.0743752
2	8	0.07092
2.5	8	0.0666879
3	8	0.061857
3.5	8	0.0566149
4	8	0.0511449
4.5	8	0.0456136
5	8	0.0401624
5.5	8	0.0349021
6	8	0.0299101
6.5	8	0.0252322
7	8	0.0208846
7.5	8	0.0168584
8	8	0.0131234
8.5	8	0.0096332
9	8	0.00632868
9.5	8	0.00314205
10	8	0
-10	8.5	0
-9.5	8.5	0.00190232
-9	8.5	0.00388841
-8.5	8.5	0.00601049
-8	8.5	0.00831659
-7.5	8.5	0.0108481
-7	8.5	0.0136369
-6.5	8.5	0.0167025
-6	8.5	0.0200488
-5.5	8.5	0.0236609
-5	8.5	0.0275026
-4.5	8.5	0.031515
-4	8.5	0.0356156
-3.5	8.5	0.0397009
-3	8.5	0.0436499
-2.5	8.5	0.0473303
-2	8.5	0.0506072
-1.5	8.5	0.0533521
-1	8.5	0.0554524
-0.5	8.5	0.0568199
0	8.5	0.0573971
0.5	8.5	0.0571622
1	8.5	0.0561299
1.5	8.5	0.0543501
2	8.5	0.0519042
2.5	8.5	0.0488985
3	8.5	0.0454556
3.5	8.5	0.0417052
4	8.5	0.0377752
4.5	8.5	0.0337829
5	8.5	0.0298293
5.5	8.5	0.0259947
6	8.5	0.0223369
6.5	8.5	0.0188915
7	8.5	0.0156731
7.5	8.5	0.0126779
8	8.5	0.00988667
8.5	8.5	0.00726771
9	8.5	0.00477972
9.5	8.5	0.00237463
10	8.5	0
-10	9	0
-9.5	9	0.001274
-9	9	0.00260291
-8.5	9	0.00402029
-8	9	0.00555684
-7.5	9	0.00723871
-7	9	0.00908571
-6.5	9	0.0111093
-6	9	0.0133108
-5.5	9	0.0156792
-5	9	0.0181899
-4.5	9	0.0208038
-4	9	0.0234675
-3.5	9	0.026114
-3	9	0.0286663
-2.5	9	0.0310406
-2	9	0.0331518
-1.5	9	0.0349189
-1	9	0.0362713
-0.5	9	0.0371535
0	9	0.0375294
0.5	9	0.0373851
1	9	0.0367295
1.5	9	0.0355939
2	9	0.034029
2.5	9	0.0321011
3	9	0.0298873
3.5	9	0.0274691
4	9	0.0249274
4.5	9	0.0223369
5	9	0.0197626
5.5	9	0.0172566
6	9	0.0148573
6.5	9	0.0125887
7	9	0.0104618
7.5	9	0.00847533
8	9	0.00661792
8.5	9	0.00486993
9	9	0.00320526
9.5	9	0.00159318
10	9	0
-10	9.5	0
-9.5	9.5	0.000640578
-9	9.5	0.0013083
-8.5	9.5	0.00201959
-8	9.5	0.00278937
-7.5	9.5	0.0036303
-7	9.5	0.00455183
-6.5	9.5	0.00555928
-6	9.5	0.00665285
-5.5	9.5	0.00782679
-5	9.5	0.00906865
-4.5	9.5	0.010359
-4	9.5	0.0116714
-3.5	9.5	0.0129732
-3	9.5	0.0142268
-2.5	9.5	0.0153916
-2	9.5	0.0164264
-1.5	9.5	0.0172921
-1	9.5	0.0179547
-0.5	9.5	0.0183873
0	9.5	0.0185726
0.5	9.5	0.0185037
1	9.5	0.018185
1.5	9.5	0.0176314
2	9.5	0.0168674
2.5	9.5	0.0159247
3	9.5	0.0148406
3.5	9.5	0.0136544
4	9.5	0.0124053
4.5	9.5	0.0111297
5	9.5	0.0098593
5.5	9.5	0.00861986
6	9.5	0.00743041
6.5	9.5	0.00630316
7	9.5	0.00524381
7.5	9.5	0.00425217
8	9.5	0.00332299
8.5	9.5	0.00244689
9	9.5	0.00161125
9.5	9.5	0.000801109
10	9.5	0
-10	10	0
-9.5	10	0
-9	10	0
-8.5	10	0
-8	10	0
-7.5	10	0
-7	10	0
-6.5	10	0
-6	10	0
-5.5	10	0
-5	10	0
-4.5	10	0
-4	10	0
-3.5	10	0
-3	10	0
-2.5	10	0
-2	10	0
-1.5	10	0
-1	10	0
-0.5	10	0
0	10	0
0.5	10	0
1	10	0
1.5	10	0
2	10	0
2.5	10	0
3	10	0
3.5	10	0
4	10	0
4.5	10	0
5	10	0
5.5	10	0
6	10	0
6.5	10	0
7	10	0
7.5	10	0
8	10	0
8.5	10	0
9	10	0
9.5	10	0
10	10	0
